/*--------------------------------*- C++ -*----------------------------------*\
  =========                 |
  \\      /  F ield         | OpenFOAM: The Open Source CFD Toolbox
   \\    /   O peration     | Website:  https://openfoam.org
    \\  /    A nd           | Version:  8
     \\/     M anipulation  |
\*---------------------------------------------------------------------------*/
FoamFile
{
    version     2.0;
    format      ascii;
    class       volScalarField;
    location    "0.005";
    object      alphat;
}
// * * * * * * * * * * * * * * * * * * * * * * * * * * * * * * * * * * * * * //

dimensions      [1 -1 -1 0 0 0 0];

internalField   nonuniform List<scalar> 
4000
(
0.633912
0.195628
0.0812144
0.0448023
0.0292194
0.0219988
0.0181448
0.0166616
0.0158663
0.0149479
0.0147422
0.0150931
0.0149693
0.0141501
0.0133575
0.0129765
0.0128423
0.0125491
0.0125119
0.0159944
0.575151
0.1436
0.0601148
0.032435
0.0208168
0.0159777
0.0139045
0.0128203
0.0122803
0.012356
0.0126105
0.0124082
0.0117709
0.0111972
0.0109528
0.0108946
0.0106809
0.0102095
0.0113461
0.0254896
0.570627
0.137123
0.0562991
0.0300642
0.0192448
0.0146901
0.0125108
0.0116484
0.0114176
0.0113178
0.0110579
0.0107358
0.0105444
0.0104225
0.0102818
0.0100593
0.00968807
0.00963963
0.0170385
0.155975
0.567834
0.135828
0.0561551
0.0301424
0.019282
0.0146438
0.0125615
0.011678
0.0112287
0.0111337
0.0110321
0.0108454
0.0107806
0.0107611
0.0106227
0.0103029
0.00989233
0.0106449
0.0391081
0.283532
0.563711
0.133418
0.0551017
0.0295159
0.0187624
0.0141267
0.012272
0.0115955
0.0111063
0.0110793
0.0110957
0.0109526
0.0109156
0.0109608
0.0108917
0.010619
0.0103432
0.0124626
0.0753284
0.364477
0.563972
0.130861
0.0525153
0.028141
0.0183398
0.013959
0.0123254
0.0118841
0.011365
0.0112782
0.0112757
0.0111531
0.0111693
0.011305
0.0113517
0.0112125
0.0111485
0.0154545
0.0960931
0.414999
0.552836
0.125495
0.0497387
0.0263336
0.0181091
0.0142153
0.0126
0.0121054
0.0114638
0.0112043
0.011136
0.0111011
0.0112429
0.0115099
0.0117594
0.0119444
0.0122788
0.016
0.105946
0.45951
0.55337
0.139907
0.0578684
0.0300909
0.0208668
0.0172112
0.0155393
0.0148871
0.0141708
0.013785
0.0136616
0.0136583
0.0137766
0.0139948
0.014384
0.0151745
0.0165292
0.0201774
0.0972687
0.557972
0.595569
0.208974
0.0987856
0.059504
0.0435314
0.0370677
0.0334132
0.0308979
0.0288547
0.0276237
0.0271098
0.0269113
0.0267049
0.0264686
0.0266665
0.0274575
0.0304116
0.0380426
0.0721361
0.971816
0.619318
0.492792
0.204944
0.120498
0.0906924
0.0791514
0.0724046
0.0683633
0.0656709
0.0639894
0.0633498
0.0631852
0.0627868
0.0626617
0.063953
0.0659293
0.0679539
0.0749604
0.110081
0.661412
0.604216
0.186186
0.0761617
0.0408138
0.0265063
0.020368
0.01778
0.0165556
0.0157643
0.0154571
0.0157578
0.0159243
0.0153373
0.0144248
0.0139004
0.0138076
0.013636
0.0130748
0.0137546
0.0169743
0.0220208
0.00957481
0.00824167
0.0104218
0.0150633
0.0214523
0.0281235
0.0339767
0.0378041
0.0399726
0.0413089
0.0412353
0.0393016
0.0366218
0.0347203
0.0337336
0.0329958
0.0338289
0.0506988
0.0489347
0.0204554
0.0080853
0.0065906
0.00806726
0.0119015
0.0180855
0.0258364
0.0338583
0.0407579
0.0453907
0.0478336
0.0490636
0.0495471
0.0493639
0.0487552
0.0479186
0.0474429
0.0477367
0.0704353
0.0658403
0.0203576
0.00798774
0.00641502
0.0077904
0.011481
0.0175486
0.0253265
0.0332542
0.0401986
0.0454946
0.048563
0.0504554
0.0520052
0.0531118
0.0535124
0.0535144
0.0545083
0.0546935
0.0766769
0.0535369
0.0204137
0.00800913
0.00649166
0.00800985
0.0119553
0.0183026
0.026361
0.034163
0.0407727
0.046034
0.0492194
0.0512158
0.0531465
0.0551334
0.0566787
0.0580653
0.0611623
0.0571251
0.0443354
0.025212
0.0207447
0.00828069
0.00687536
0.00866337
0.0130859
0.0199874
0.0285366
0.0362595
0.042227
0.0468811
0.0497859
0.05185
0.0542009
0.0569937
0.0600446
0.0637897
0.0705741
0.0605927
0.0306806
0.0238047
0.0213568
0.00890521
0.00824119
0.0113144
0.0168475
0.024862
0.0341807
0.0422246
0.0479313
0.0519072
0.0545018
0.0563987
0.0585629
0.0616924
0.0661856
0.073105
0.0869607
0.0885119
0.0301383
0.0381835
0.0218714
0.0153709
0.0284322
0.0505939
0.0752271
0.0976334
0.113252
0.122873
0.128078
0.130166
0.129975
0.128491
0.126697
0.125073
0.124982
0.129509
0.150778
0.195196
0.0860984
0.0913583
0.030353
0.0881423
0.157718
0.227163
0.274022
0.299374
0.3101
0.31253
0.313458
0.313642
0.3134
0.313346
0.312615
0.310353
0.306942
0.304224
0.313801
0.379078
0.624673
0.115344
0.572899
0.497396
0.300155
0.219743
0.175492
0.154865
0.140064
0.132114
0.12853
0.127114
0.127122
0.126961
0.128272
0.134445
0.141608
0.14868
0.167401
0.235561
0.670834
1.14145
0.608616
0.190829
0.0783989
0.0416531
0.0269165
0.0206321
0.0176657
0.0162908
0.0154949
0.0150895
0.0153221
0.0155511
0.0150761
0.0142076
0.0136601
0.0135234
0.0133187
0.0128005
0.0131805
0.0158122
0.0201886
0.00822982
0.00676287
0.00847613
0.0126268
0.0191128
0.0269639
0.034663
0.0401706
0.0436239
0.0459982
0.0466332
0.0447727
0.0416934
0.0394032
0.038194
0.0373949
0.0386963
0.0571359
0.0424754
0.0187424
0.00686626
0.00530002
0.0064022
0.00977866
0.0158314
0.0245559
0.0355611
0.0463768
0.0544969
0.0598148
0.0630609
0.0643493
0.0639532
0.0628941
0.0618654
0.0613806
0.062005
0.0762304
0.0328123
0.0186522
0.00679903
0.00519801
0.00624887
0.00954221
0.015536
0.0243062
0.0348899
0.0456663
0.0545511
0.0606575
0.0647702
0.0675116
0.0689996
0.0695547
0.0698043
0.0707422
0.0673206
0.0669593
0.0224679
0.0187409
0.00686797
0.00530593
0.00654315
0.0101348
0.0164897
0.0255323
0.0361601
0.0466152
0.0552998
0.0613146
0.0653958
0.0684534
0.0707449
0.0723798
0.073911
0.0763253
0.0634862
0.0324221
0.0134917
0.0190318
0.00705304
0.00563069
0.00715676
0.0113031
0.0184182
0.0281157
0.0388461
0.048569
0.0563869
0.0619506
0.065783
0.068852
0.0716643
0.0744297
0.0777721
0.0830995
0.0637712
0.0227467
0.0166094
0.0197285
0.00743241
0.00649115
0.00869798
0.0140796
0.0226745
0.0337707
0.0452386
0.0547634
0.0618408
0.0666408
0.0698398
0.0724289
0.0753118
0.0790181
0.0846961
0.0963053
0.0892354
0.0238828
0.0309826
0.0210364
0.0129358
0.0222574
0.0396988
0.0637192
0.0894072
0.110827
0.125618
0.13413
0.138249
0.139443
0.138576
0.13646
0.134076
0.132551
0.135466
0.154348
0.192849
0.0701263
0.0774359
0.0285926
0.0673378
0.114635
0.173356
0.224856
0.260248
0.279762
0.287888
0.290568
0.292236
0.293996
0.294983
0.294813
0.293116
0.28846
0.281181
0.286004
0.344802
0.514184
0.0857492
0.569905
0.477274
0.290502
0.206632
0.163205
0.143396
0.130488
0.122317
0.118639
0.117175
0.116211
0.115477
0.11716
0.121555
0.125251
0.130146
0.144659
0.203613
0.565006
0.938454
0.608847
0.192863
0.0798304
0.0423331
0.0272759
0.0207404
0.01757
0.0161006
0.0153418
0.0150237
0.0152854
0.0154723
0.0149371
0.0140422
0.0134998
0.0133242
0.0129656
0.012294
0.0125696
0.0151048
0.0201264
0.00812528
0.00663068
0.00823367
0.0122263
0.0185288
0.0263601
0.0341285
0.0397584
0.0434106
0.0458954
0.0465219
0.0446353
0.0416079
0.0394129
0.0381648
0.0370298
0.0378285
0.0565432
0.0403501
0.0187186
0.00679806
0.00520598
0.00623804
0.00949049
0.0153825
0.0241478
0.0354204
0.046598
0.0551243
0.0608449
0.06435
0.0656758
0.0652267
0.0641226
0.0630375
0.0624355
0.0628872
0.0749285
0.0279409
0.0186745
0.0067446
0.0050858
0.00606424
0.00927368
0.0152062
0.0240415
0.034923
0.0458434
0.0549486
0.0614927
0.0659207
0.0687834
0.0703053
0.0708827
0.0712099
0.0721979
0.0682156
0.0634411
0.0191175
0.0187262
0.00680363
0.00520389
0.00631699
0.00973955
0.0159193
0.0249433
0.0359179
0.0466514
0.0557207
0.0622369
0.0667117
0.0699441
0.0722488
0.0738047
0.0753108
0.0775641
0.0632781
0.0295047
0.0115504
0.018954
0.00701342
0.0055562
0.00691516
0.0107893
0.0175899
0.0271998
0.0382664
0.048217
0.056487
0.0626124
0.066897
0.0701608
0.0729904
0.0756328
0.0788321
0.0839045
0.0650662
0.0206143
0.0151388
0.0191392
0.0073415
0.00646466
0.00863732
0.0137815
0.0222932
0.0334063
0.0449344
0.0546033
0.0619311
0.0670527
0.0704645
0.0731124
0.0759677
0.0795469
0.0850873
0.096347
0.0885522
0.0216658
0.0287362
0.0195549
0.0117914
0.0201914
0.0363754
0.058928
0.0843019
0.106699
0.122396
0.131575
0.136235
0.137899
0.137202
0.135095
0.132685
0.131185
0.13452
0.153302
0.189993
0.066791
0.0742706
0.0266804
0.0622287
0.106021
0.16309
0.213921
0.250989
0.272599
0.282523
0.28916
0.293125
0.294387
0.293933
0.29303
0.291228
0.286963
0.280767
0.285763
0.343384
0.526098
0.0845808
0.577529
0.477506
0.283783
0.193843
0.151285
0.131826
0.116931
0.10734
0.103395
0.102615
0.102036
0.101302
0.104281
0.110323
0.11541
0.124654
0.141923
0.204306
0.588431
0.951281
0.611874
0.194072
0.0806083
0.0428054
0.0275072
0.0207858
0.0174995
0.0160312
0.0153347
0.0150516
0.0152882
0.0154206
0.0148428
0.0139462
0.0134415
0.0133039
0.0129267
0.0121309
0.012203
0.0146948
0.020067
0.00808651
0.0065675
0.00812249
0.0120551
0.0182847
0.0261308
0.0338735
0.0395465
0.0432615
0.0457267
0.04627
0.0443245
0.0413226
0.0391861
0.0379088
0.0366542
0.0370976
0.0562056
0.0422869
0.0186921
0.00679
0.00519739
0.00620822
0.00941798
0.0152417
0.0240241
0.0353028
0.0465182
0.055143
0.0609355
0.0644266
0.0656866
0.0652098
0.0641082
0.063002
0.0624542
0.0631818
0.076815
0.0303407
0.018635
0.00670871
0.00508067
0.00604991
0.00927239
0.0152535
0.0242167
0.0352075
0.046136
0.0551747
0.0616385
0.065968
0.0687198
0.070168
0.0706869
0.0710072
0.0722298
0.0692469
0.0666106
0.0208643
0.0186892
0.00674921
0.00510699
0.00618256
0.0095664
0.015717
0.0248663
0.0358929
0.0466186
0.0557508
0.0623825
0.0669044
0.0701002
0.0723369
0.0737627
0.0751656
0.0775246
0.0636076
0.0298844
0.0112396
0.0190624
0.00694268
0.00538379
0.00663095
0.0103456
0.0169594
0.0266953
0.0377919
0.0477409
0.0561706
0.0625686
0.0670153
0.0703028
0.0731005
0.0755825
0.0785428
0.0835581
0.0656406
0.0203844
0.0148186
0.0196004
0.00738379
0.00640924
0.0084794
0.0135135
0.0219457
0.0332327
0.0447646
0.0544256
0.0618759
0.0671761
0.0706633
0.0732824
0.0761007
0.0794641
0.0846427
0.0958104
0.0891633
0.0212961
0.0281516
0.0201342
0.0120019
0.0202579
0.0360807
0.0586094
0.0843535
0.107025
0.122498
0.131306
0.135909
0.137826
0.137271
0.13521
0.132803
0.131116
0.134272
0.153159
0.189829
0.0671279
0.073588
0.0268529
0.0634495
0.108492
0.165597
0.216891
0.254354
0.275592
0.284226
0.288644
0.291624
0.294099
0.294724
0.294234
0.292638
0.288451
0.282228
0.287146
0.344926
0.543893
0.0848403
0.576593
0.47845
0.285199
0.198447
0.156346
0.136166
0.121953
0.113764
0.11103
0.109887
0.108104
0.107522
0.111037
0.114816
0.117622
0.126786
0.144714
0.209714
0.612409
0.966395
0.61066
0.194412
0.0810456
0.0430566
0.0274966
0.0206137
0.0172988
0.0158691
0.0152027
0.0149051
0.015098
0.0151911
0.0145907
0.0137028
0.0132005
0.0130211
0.0125801
0.0117891
0.0119065
0.0145075
0.0200822
0.00808811
0.00654872
0.00806182
0.0119201
0.0180704
0.0258274
0.0335347
0.0392533
0.0429997
0.0454421
0.0459432
0.0439766
0.0410037
0.0389103
0.0375647
0.0361007
0.0364809
0.0568363
0.0515541
0.0187716
0.00682364
0.00521698
0.00619253
0.00934444
0.015094
0.0237282
0.0349091
0.0461628
0.0548952
0.0607609
0.0642576
0.0654902
0.0650182
0.0639196
0.062721
0.0620917
0.063664
0.0842564
0.0473279
0.0186773
0.00670042
0.00502654
0.00597984
0.0091627
0.0151087
0.0240613
0.0350617
0.0460057
0.0550592
0.0615222
0.065816
0.0685176
0.0699557
0.0704527
0.0707038
0.072045
0.0713857
0.0787781
0.026063
0.0186193
0.00666834
0.0050219
0.00608245
0.00942264
0.0155189
0.02468
0.0357487
0.046532
0.0557352
0.0624425
0.0669807
0.0701436
0.0723659
0.0737427
0.0750172
0.0773046
0.0640897
0.0312168
0.0114285
0.0189345
0.00684671
0.00527138
0.00648349
0.0101215
0.0166282
0.0263213
0.0373811
0.0473286
0.0558646
0.0624409
0.0669815
0.0702742
0.0731158
0.0756261
0.0784779
0.0833653
0.06642
0.020553
0.014719
0.0195334
0.00737209
0.00636483
0.00839947
0.013382
0.0217516
0.032802
0.0442836
0.0540207
0.0615883
0.0669891
0.0704735
0.0730383
0.075924
0.0794011
0.0845593
0.0956241
0.089838
0.0213166
0.0279332
0.0202831
0.0122855
0.0206731
0.0366527
0.0591696
0.0846835
0.106987
0.122566
0.131749
0.136544
0.138512
0.137832
0.135657
0.133235
0.131621
0.134767
0.153423
0.189943
0.0677683
0.0734403
0.0267566
0.0629337
0.107027
0.163697
0.215092
0.252563
0.273565
0.283344
0.290467
0.29402
0.295586
0.294993
0.294336
0.292901
0.289374
0.283655
0.288419
0.346581
0.556965
0.0850164
0.577312
0.48251
0.289951
0.201483
0.157598
0.136247
0.121475
0.112514
0.109716
0.109074
0.106956
0.106069
0.111034
0.115152
0.118505
0.128461
0.146421
0.21304
0.627067
0.974322
0.612724
0.194472
0.0809808
0.0429978
0.0273902
0.0205305
0.0172652
0.0158703
0.0152052
0.0148825
0.0150542
0.0151449
0.0145488
0.0136666
0.0131816
0.0130325
0.0126022
0.0117591
0.0118091
0.0144028
0.0200659
0.00808075
0.00654437
0.00805145
0.0118798
0.0179893
0.0256888
0.0334222
0.0392256
0.0430421
0.0455398
0.046091
0.0441444
0.0411754
0.0391143
0.0377833
0.0362497
0.0364906
0.0569515
0.0528895
0.0188117
0.00685761
0.00524167
0.00619783
0.00932754
0.0150628
0.0235496
0.0346325
0.0458892
0.0546702
0.0605949
0.0641404
0.0654006
0.0649863
0.0639805
0.0628377
0.0622288
0.0638871
0.0853666
0.0512132
0.0186639
0.00671586
0.00504633
0.00597384
0.00911335
0.0149919
0.0238491
0.034783
0.0457158
0.0548152
0.0613665
0.0657305
0.0684595
0.0699336
0.0704792
0.0707519
0.0721313
0.0717543
0.0809522
0.0295154
0.0184707
0.00661969
0.00498964
0.0060391
0.0093603
0.015441
0.0246599
0.0358463
0.0466823
0.0558683
0.0625715
0.0670986
0.0702159
0.0724112
0.0737766
0.0750084
0.0772793
0.0643223
0.0318673
0.0115172
0.0186392
0.00670642
0.0051913
0.00640293
0.0100493
0.0165925
0.0265503
0.0378703
0.047838
0.0563724
0.0629383
0.067417
0.0705689
0.0733071
0.0757675
0.0785239
0.0833648
0.0673129
0.0206968
0.014659
0.0191293
0.00713563
0.00614417
0.00814335
0.0130584
0.021388
0.03276
0.0443637
0.0541368
0.0617922
0.0673294
0.0708588
0.0733183
0.0761237
0.0795731
0.0846317
0.0956089
0.0909386
0.0213639
0.0278167
0.0199177
0.0119058
0.0199166
0.0353893
0.0576771
0.0834389
0.106329
0.122132
0.131336
0.136151
0.138387
0.137905
0.13573
0.133246
0.131791
0.135137
0.153793
0.190242
0.0683026
0.0734176
0.0266623
0.0624326
0.105675
0.161814
0.213276
0.251233
0.272672
0.281817
0.288522
0.292134
0.294473
0.294231
0.293691
0.292276
0.289361
0.284373
0.289218
0.347421
0.564881
0.0850952
0.578196
0.484934
0.29211
0.202703
0.158383
0.136842
0.12208
0.113691
0.111468
0.110534
0.107694
0.106856
0.112363
0.11607
0.119502
0.130231
0.148551
0.21584
0.635354
0.978217
0.611428
0.193471
0.0804867
0.0427469
0.0273567
0.0206315
0.0174377
0.0160608
0.0153924
0.0150671
0.0152551
0.0153735
0.0147917
0.0138971
0.0134301
0.0133248
0.0128903
0.0119518
0.0119314
0.0145388
0.0200916
0.00809493
0.00656562
0.00808398
0.0119736
0.0181689
0.025931
0.0337713
0.03968
0.0436146
0.0462577
0.0469305
0.0449999
0.04195
0.0398509
0.038532
0.0369375
0.0371282
0.0577079
0.0533328
0.0189288
0.00691847
0.00530206
0.00627707
0.00946523
0.0152836
0.0238385
0.034812
0.0459418
0.0546297
0.0605381
0.0641476
0.0654682
0.0651016
0.0641693
0.0630927
0.0624847
0.0641154
0.0856208
0.0520262
0.01871
0.00671139
0.0050845
0.00597678
0.00908205
0.0149029
0.0236642
0.0344976
0.045387
0.0545038
0.0611589
0.0656583
0.0684753
0.0699922
0.0705788
0.0708741
0.0722374
0.0719551
0.0818606
0.0303333
0.018614
0.00666872
0.00500133
0.00602472
0.00931782
0.0153598
0.0244917
0.0356317
0.0463814
0.0554786
0.0622128
0.0668542
0.0700511
0.0722844
0.073697
0.0749676
0.0772545
0.0646415
0.0325747
0.0115277
0.0189809
0.00687233
0.00530168
0.00652904
0.0102401
0.0169065
0.026662
0.0377259
0.0475984
0.0559969
0.0624505
0.0669511
0.0701044
0.0728457
0.0754135
0.0783223
0.0833573
0.068482
0.0208248
0.0146041
0.0195136
0.0073503
0.00636382
0.00843052
0.0135143
0.0221055
0.0334092
0.0449523
0.0545055
0.0618729
0.0672233
0.0706448
0.0729473
0.0756333
0.0791279
0.0843452
0.0955318
0.0921405
0.0214116
0.0277527
0.0201634
0.0121545
0.0204156
0.0362051
0.0585174
0.0841452
0.106884
0.122679
0.131742
0.136396
0.138637
0.138244
0.135974
0.133189
0.131566
0.134976
0.153779
0.190408
0.0686577
0.0734274
0.026734
0.0628278
0.10651
0.16274
0.213992
0.251966
0.273528
0.28267
0.289375
0.292973
0.295506
0.295272
0.294382
0.292347
0.289258
0.284491
0.289491
0.347813
0.569629
0.0851304
0.577785
0.485318
0.293161
0.204166
0.160308
0.139014
0.1244
0.116564
0.11486
0.113708
0.110152
0.109176
0.114926
0.118192
0.121175
0.13182
0.150173
0.217682
0.639919
0.980203
0.61174
0.192761
0.0801357
0.0427114
0.0275698
0.0209521
0.0178006
0.0164243
0.0157597
0.0154565
0.0156883
0.015853
0.0152856
0.0143725
0.0139083
0.0138506
0.0134644
0.0124279
0.012278
0.0148159
0.0200942
0.0080954
0.00658019
0.00813858
0.0121106
0.0184157
0.0263288
0.034378
0.0404847
0.0446342
0.0475258
0.0483545
0.0464381
0.0432562
0.0410468
0.0397335
0.03816
0.0381968
0.0587418
0.0538239
0.0189405
0.00691917
0.00531652
0.00632454
0.00957396
0.0154867
0.024141
0.0351337
0.0462229
0.0548519
0.0607269
0.0644382
0.0658794
0.0655775
0.0646761
0.0636484
0.063085
0.0646536
0.0859145
0.0524062
0.0185272
0.00656979
0.00497809
0.00585025
0.00890981
0.0146617
0.0233758
0.0342008
0.0452214
0.0543805
0.0610993
0.0657295
0.0686668
0.070229
0.0707958
0.0710451
0.072375
0.0721558
0.0824456
0.0306478
0.0183825
0.00648591
0.0048583
0.00584784
0.00908503
0.0150626
0.0243114
0.0356385
0.0464827
0.0555414
0.0622683
0.067
0.0702868
0.0725192
0.0738478
0.0750084
0.0772322
0.0649608
0.0332191
0.0115047
0.01878
0.0067055
0.00514623
0.00634644
0.0100111
0.0166335
0.0265374
0.0377823
0.047577
0.0559197
0.0624125
0.0670718
0.0703212
0.0730186
0.0754883
0.0783118
0.0833782
0.0696634
0.0209027
0.0145491
0.0193589
0.00721883
0.00622349
0.00825464
0.0132889
0.0218531
0.0332502
0.0448371
0.0543749
0.0617444
0.0672019
0.0708068
0.0731781
0.0757847
0.0791651
0.084306
0.0955115
0.0932125
0.0214471
0.0277142
0.0200585
0.0120347
0.0201374
0.035706
0.0578963
0.0836514
0.106712
0.122572
0.131513
0.136037
0.138439
0.138458
0.136406
0.133475
0.131609
0.1349
0.153688
0.190455
0.0688706
0.0734408
0.0267375
0.0628421
0.106256
0.162254
0.213573
0.25195
0.273903
0.282523
0.288793
0.29256
0.295727
0.296114
0.294916
0.292389
0.289106
0.284401
0.289506
0.347946
0.57244
0.0851476
0.57801
0.485044
0.292648
0.203969
0.160404
0.139167
0.1245
0.116903
0.115785
0.114865
0.110948
0.109849
0.115827
0.119066
0.122003
0.132713
0.151205
0.218923
0.6428
0.981544
0.612114
0.192246
0.0799991
0.0428057
0.0277483
0.0211524
0.0179997
0.0166211
0.015966
0.0156907
0.0159678
0.0161851
0.0156535
0.0147518
0.0143029
0.0142791
0.0139119
0.0128006
0.0125168
0.0149455
0.0201536
0.00814074
0.00663267
0.00822312
0.0122457
0.0186213
0.0265485
0.0346891
0.0409185
0.0451954
0.0482358
0.0492041
0.0473525
0.0441388
0.0419037
0.0406333
0.0390858
0.0389121
0.059194
0.0540279
0.018921
0.00690858
0.00529909
0.00630229
0.00954133
0.0154348
0.0240603
0.0351387
0.0463526
0.055063
0.0609603
0.0647082
0.0662425
0.0660347
0.0652128
0.0642569
0.0637254
0.0651637
0.0861596
0.0524934
0.0184804
0.00654079
0.00492556
0.00579795
0.00884684
0.0145868
0.0232782
0.0341263
0.0450872
0.054218
0.0609078
0.0655788
0.0686221
0.0702972
0.0709402
0.0712202
0.0725447
0.0722731
0.0825603
0.0306931
0.0183753
0.00648352
0.00484576
0.00586755
0.00914236
0.015178
0.0242719
0.0354685
0.0461688
0.0550602
0.0617141
0.0665327
0.070005
0.0724116
0.0738382
0.0750242
0.0772584
0.0651162
0.0334682
0.011498
0.0187726
0.00670648
0.00517696
0.00641472
0.0101348
0.0168578
0.0266767
0.0378313
0.0475927
0.055783
0.0621531
0.066778
0.0701462
0.0729453
0.0754578
0.0782932
0.0834352
0.0705397
0.0209321
0.0145285
0.019323
0.00720138
0.00624017
0.00831491
0.0134123
0.0220755
0.0335135
0.0451158
0.0545187
0.0616966
0.0670384
0.0706876
0.0731588
0.0758035
0.0791724
0.084297
0.0955503
0.0940437
0.021471
0.0276958
0.0200145
0.011997
0.0201222
0.0357695
0.0579612
0.0836633
0.106745
0.122639
0.131502
0.135842
0.138144
0.138338
0.136563
0.133719
0.131759
0.134949
0.153712
0.190596
0.0690145
0.0734518
0.0267423
0.0628841
0.106245
0.162293
0.213658
0.252205
0.274458
0.283076
0.289162
0.292726
0.295964
0.296686
0.295563
0.292832
0.289309
0.284495
0.289615
0.348129
0.574002
0.0851607
0.57828
0.484947
0.292602
0.204247
0.160961
0.139822
0.125074
0.117583
0.116799
0.116067
0.111889
0.110472
0.116356
0.119591
0.122615
0.133485
0.152154
0.22011
0.645166
0.982769
0.612524
0.192787
0.0802966
0.0428977
0.0277111
0.0210366
0.0178286
0.0164165
0.0157504
0.0154749
0.0157558
0.0159831
0.0154581
0.0145486
0.01409
0.0140739
0.0137403
0.0126726
0.0124107
0.0148424
0.0201846
0.00814122
0.00663977
0.00822871
0.0122256
0.018574
0.0264263
0.0344405
0.0405508
0.044708
0.0476243
0.0485816
0.0467567
0.0435845
0.0414063
0.0402284
0.0388061
0.0387724
0.0591319
0.0538694
0.0188499
0.00684426
0.00521996
0.00619099
0.00934505
0.0151363
0.0236837
0.0348741
0.046232
0.0550744
0.0610544
0.0647453
0.0662014
0.0659214
0.0650661
0.0641313
0.0636413
0.0651159
0.0860915
0.0522309
0.0185337
0.00655828
0.00494104
0.00579812
0.00883768
0.0145769
0.0232744
0.0341222
0.0450826
0.0542299
0.0608881
0.065521
0.0685459
0.0702224
0.07088
0.0711787
0.0725048
0.0721725
0.0822298
0.0304635
0.0185479
0.00658312
0.00495321
0.00600095
0.00933823
0.0154669
0.0244754
0.0355475
0.0461865
0.0549903
0.0615237
0.0662714
0.0697653
0.0722585
0.0737773
0.0750206
0.0772547
0.064984
0.0332514
0.01153
0.018966
0.00682506
0.00531151
0.00659477
0.0104128
0.0172591
0.0269881
0.0380788
0.0478407
0.055893
0.0620751
0.0665442
0.0699055
0.07279
0.0754011
0.0783089
0.083486
0.0706836
0.0209316
0.0145436
0.019469
0.00729195
0.00635764
0.0084938
0.0136995
0.0224774
0.0339999
0.0456234
0.0549141
0.0618734
0.0669812
0.0704917
0.072953
0.0756532
0.0791058
0.0843138
0.0956473
0.0943369
0.0214666
0.0276794
0.0201016
0.0120733
0.0203339
0.036187
0.0584105
0.0839275
0.10686
0.122788
0.131689
0.135951
0.138057
0.138096
0.136367
0.133666
0.13182
0.135068
0.153885
0.19084
0.0690891
0.073449
0.0267558
0.0630029
0.106639
0.162792
0.213966
0.252423
0.274906
0.283791
0.289863
0.293176
0.296058
0.296612
0.29566
0.292979
0.289424
0.28462
0.289783
0.348334
0.574571
0.0851646
0.578365
0.485123
0.292868
0.204576
0.161476
0.140487
0.125727
0.118291
0.117595
0.117015
0.112655
0.110818
0.116571
0.119867
0.123052
0.134112
0.152894
0.22096
0.646523
0.983441
0.612524
0.19366
0.0806779
0.0429515
0.0276038
0.0208401
0.0175646
0.0161085
0.0154145
0.0151194
0.0153822
0.0156028
0.0150739
0.0141382
0.0136391
0.0136023
0.0133061
0.0123642
0.0122076
0.0146694
0.0201093
0.0080657
0.00657564
0.00815672
0.0120956
0.0183713
0.0261062
0.0339171
0.0398257
0.0437906
0.0465495
0.0474091
0.045564
0.0424171
0.0402645
0.039144
0.0378694
0.0381664
0.0584797
0.0533919
0.0187328
0.00675507
0.00515495
0.00613232
0.00923603
0.0149605
0.0234451
0.0346015
0.0459779
0.0548619
0.0608883
0.0645622
0.065893
0.0654304
0.0644184
0.0634193
0.0629826
0.0646662
0.0857046
0.0515612
0.0184874
0.0065151
0.00492729
0.00577036
0.00879421
0.0145195
0.0231954
0.0340422
0.0451327
0.0543943
0.0610715
0.0656762
0.0686218
0.070184
0.070733
0.0709744
0.0722929
0.0719064
0.0814855
0.0298658
0.0185261
0.00655623
0.0049191
0.00595298
0.00926824
0.0153646
0.0243556
0.0355774
0.046465
0.0554367
0.0619588
0.0665861
0.0699471
0.0723472
0.0738131
0.0750304
0.077225
0.0646145
0.0326667
0.0115529
0.0189335
0.00679145
0.00526194
0.0065225
0.0102978
0.0170858
0.0268603
0.038162
0.0479849
0.0560695
0.0622308
0.0666417
0.069936
0.0728001
0.0754286
0.0783606
0.0835032
0.0700158
0.0208287
0.0145389
0.0194219
0.00724785
0.00629382
0.00839512
0.013539
0.0222411
0.0337523
0.0454856
0.0549168
0.0619551
0.0670376
0.0704532
0.0728417
0.0755299
0.0790337
0.0843234
0.0957299
0.0940016
0.0213928
0.0276474
0.0200498
0.012019
0.0202219
0.0359723
0.0580424
0.0834584
0.106487
0.122663
0.131841
0.136264
0.138259
0.138035
0.136179
0.133483
0.131726
0.13506
0.153985
0.190994
0.0690203
0.0734197
0.0267287
0.0630487
0.106697
0.162572
0.213415
0.25187
0.274737
0.284026
0.289971
0.293044
0.29552
0.295697
0.29503
0.292522
0.289056
0.284374
0.28967
0.348317
0.574091
0.0851451
0.578693
0.48536
0.292602
0.204028
0.160949
0.140043
0.125209
0.117671
0.116995
0.116565
0.112207
0.110068
0.116054
0.119617
0.122881
0.133856
0.152534
0.220566
0.645781
0.982915
0.611557
0.193604
0.0806505
0.042903
0.0275427
0.0207561
0.0174481
0.0159499
0.0152234
0.0149089
0.015157
0.015387
0.0148798
0.0139297
0.013376
0.0132798
0.0129805
0.0121334
0.0120586
0.0145535
0.0200586
0.00802356
0.00654022
0.00812074
0.0120486
0.018314
0.0259929
0.0336277
0.0393525
0.0431598
0.0458172
0.0466542
0.0448336
0.041676
0.0394441
0.0382647
0.03705
0.037614
0.0578272
0.0530232
0.0187448
0.00676048
0.0051475
0.00610973
0.00922533
0.0149582
0.0234288
0.034431
0.0456544
0.0544741
0.0605515
0.0642893
0.0656144
0.0650491
0.0638836
0.062786
0.0623882
0.0643103
0.0854736
0.0511094
0.0184955
0.00652047
0.00493983
0.00579075
0.00882975
0.0145938
0.023322
0.0342006
0.0452894
0.0546014
0.0612653
0.0658511
0.0687624
0.0702426
0.0706734
0.0708393
0.0721528
0.0717561
0.0809653
0.0294266
0.0184728
0.00652077
0.00489924
0.00591913
0.00922248
0.0153176
0.02435
0.0356719
0.046735
0.0558504
0.0624007
0.0669598
0.0702116
0.072516
0.0739126
0.0750876
0.0772567
0.0643303
0.0321211
0.0115262
0.0188298
0.00671821
0.00518855
0.0064175
0.0101467
0.0168841
0.0266696
0.0381163
0.0480276
0.0561895
0.0623839
0.0667936
0.0700208
0.0728405
0.0754633
0.0784027
0.0834791
0.0688723
0.0206643
0.0145269
0.0193102
0.0071646
0.0061883
0.00824705
0.0133264
0.0219584
0.0334552
0.0452778
0.0548476
0.061984
0.0670769
0.0704351
0.072761
0.0754214
0.0789509
0.0842963
0.0957177
0.0931231
0.0213177
0.027666
0.0199605
0.011945
0.0200942
0.0357739
0.0577009
0.0830375
0.106146
0.122538
0.131971
0.13653
0.138401
0.137947
0.135941
0.133189
0.131493
0.134923
0.153939
0.190922
0.0688406
0.0733912
0.0266735
0.0630338
0.106558
0.1621
0.212674
0.251173
0.27432
0.28384
0.289624
0.292367
0.294406
0.294262
0.294137
0.292028
0.288776
0.284218
0.289564
0.348206
0.572262
0.085124
0.579296
0.485746
0.291982
0.203011
0.1599
0.139043
0.124022
0.116018
0.115257
0.115027
0.110975
0.109018
0.115266
0.118985
0.122263
0.133156
0.151795
0.219808
0.644246
0.982322
0.612271
0.193297
0.0804447
0.042814
0.0275104
0.0207395
0.017431
0.0159014
0.0151516
0.0148282
0.0150585
0.0152907
0.0148114
0.0138579
0.0132512
0.0130806
0.0127717
0.012015
0.0120296
0.0145949
0.020074
0.0080335
0.00655418
0.00813435
0.0120881
0.0183983
0.0261393
0.0336766
0.039299
0.0430055
0.0455967
0.0464531
0.0446888
0.0415627
0.0391266
0.0378022
0.0366198
0.0373669
0.0575256
0.0532538
0.0188236
0.00680929
0.00519406
0.00615722
0.00931673
0.0151279
0.0237011
0.0346292
0.0457242
0.0543928
0.060374
0.0641177
0.0655014
0.0649599
0.0637151
0.0625414
0.0621982
0.064354
0.0857488
0.0518101
0.0185402
0.00654889
0.00497805
0.0058394
0.00891343
0.0147467
0.023576
0.0345281
0.0455585
0.0547679
0.0613707
0.0659029
0.0687884
0.0702663
0.0706808
0.0708319
0.072202
0.0720574
0.0815789
0.0300694
0.0184589
0.00650911
0.0048978
0.00591347
0.00922808
0.0153638
0.0244219
0.0357776
0.0468998
0.0560377
0.0625617
0.0670727
0.0702794
0.0725684
0.0739713
0.0751508
0.0773514
0.0645573
0.0321332
0.0114799
0.0187854
0.00668291
0.00514916
0.0063672
0.0100908
0.0168425
0.026651
0.0381781
0.0481885
0.0563728
0.0625645
0.0669657
0.070154
0.0729482
0.0755614
0.0784759
0.0834382
0.0679285
0.0207609
0.0146288
0.0192744
0.00713365
0.00614679
0.00819413
0.0132625
0.0218868
0.0333919
0.0452469
0.0548647
0.0620319
0.0671323
0.0704979
0.0728489
0.0755343
0.0790708
0.084393
0.0956593
0.0919152
0.0214193
0.0278094
0.0199522
0.011949
0.0201418
0.0358689
0.0577837
0.0830379
0.106105
0.12247
0.131922
0.13646
0.138188
0.137594
0.135584
0.132931
0.131354
0.13487
0.153881
0.190737
0.0686208
0.0733746
0.0266229
0.0630166
0.106591
0.162011
0.212457
0.250906
0.273936
0.283086
0.288474
0.290841
0.292601
0.292531
0.292981
0.291496
0.288635
0.284163
0.289452
0.348069
0.568387
0.0851121
0.579676
0.485606
0.29104
0.20168
0.158385
0.137471
0.122197
0.112923
0.111385
0.11129
0.107836
0.106449
0.113133
0.117161
0.120601
0.131602
0.150402
0.218574
0.641842
0.982065
0.612761
0.1929
0.0801483
0.0426308
0.0273885
0.0206432
0.0173735
0.0158501
0.0151108
0.0148161
0.0150429
0.0152694
0.0148179
0.013878
0.013242
0.0130365
0.0127655
0.012115
0.0122266
0.0149052
0.0201211
0.00806222
0.00658269
0.00815929
0.0121444
0.0185084
0.026325
0.0338606
0.0395112
0.0432602
0.0458711
0.0467668
0.0450779
0.0419482
0.0393715
0.0379605
0.036884
0.037646
0.0577425
0.053763
0.0188577
0.00682411
0.00522161
0.00620008
0.00938493
0.0152515
0.0239105
0.0348284
0.0458905
0.054463
0.0602947
0.0639727
0.0654312
0.065004
0.063804
0.0626607
0.0624357
0.0646754
0.0859716
0.0530194
0.0185329
0.0065364
0.00498538
0.00584803
0.00893962
0.0148253
0.0237471
0.0347921
0.045853
0.0549311
0.0613525
0.0656971
0.0684927
0.0699996
0.0705048
0.0707385
0.072274
0.0726487
0.0829569
0.0316919
0.0184277
0.00648134
0.00488327
0.00589724
0.00922851
0.0154152
0.024559
0.0359301
0.0470452
0.056112
0.0625388
0.066959
0.0701058
0.0723891
0.0738277
0.0750423
0.0773376
0.0651733
0.0326284
0.0114738
0.0187611
0.00666134
0.00513202
0.00634143
0.0100613
0.0168163
0.0267881
0.0384532
0.0485801
0.0567292
0.0629231
0.067318
0.0704824
0.0732294
0.0757683
0.0785746
0.0833546
0.0672114
0.0211508
0.0148549
0.0192643
0.00712282
0.00611294
0.00812715
0.0131329
0.0216627
0.033288
0.045293
0.0548537
0.0620182
0.0671743
0.0706891
0.0731845
0.0759472
0.0794642
0.084673
0.0956581
0.0903181
0.0215715
0.0279595
0.0199623
0.0119536
0.0201219
0.03574
0.0576084
0.0829023
0.10612
0.122484
0.131828
0.136162
0.137682
0.137113
0.135298
0.132843
0.13133
0.134866
0.153902
0.190696
0.0681885
0.0733229
0.0265773
0.0629619
0.106621
0.161829
0.212117
0.250445
0.273177
0.2816
0.287269
0.289733
0.291229
0.291352
0.292113
0.290974
0.288168
0.283536
0.288846
0.347598
0.560957
0.0850173
0.579741
0.484486
0.289246
0.199339
0.1557
0.134797
0.120054
0.109758
0.106351
0.105965
0.102411
0.101067
0.108297
0.112639
0.116291
0.127612
0.146937
0.215461
0.635525
0.979772
0.61221
0.192346
0.0797951
0.0423992
0.0272421
0.0205247
0.0173339
0.015861
0.0151747
0.0149539
0.0152062
0.0154384
0.0150362
0.0141533
0.0135193
0.0133383
0.0131417
0.0125671
0.0127277
0.0154034
0.0201609
0.00808235
0.00661916
0.00822394
0.0122567
0.0186885
0.0265638
0.0341771
0.0399265
0.0438063
0.0464903
0.0474776
0.0459603
0.0428603
0.0403142
0.0389027
0.0379317
0.038472
0.0579924
0.0514787
0.0188423
0.0068018
0.00520862
0.00618663
0.00939652
0.0153267
0.0240911
0.0350363
0.046119
0.0546502
0.0603356
0.0638987
0.0654202
0.0651686
0.0641526
0.0632209
0.063117
0.0648839
0.0837024
0.0480984
0.0184928
0.00649695
0.00494392
0.00581494
0.00894217
0.0149199
0.0239935
0.0351762
0.0462715
0.0552384
0.0614275
0.0654976
0.0681164
0.0696202
0.0702355
0.0706227
0.0723288
0.072499
0.0804793
0.0292484
0.0183902
0.00645075
0.0048499
0.00587763
0.00924444
0.0155012
0.0247925
0.0362914
0.0474145
0.0563808
0.0627107
0.0670254
0.0700544
0.0722585
0.0736822
0.0749336
0.0773317
0.06527
0.0324868
0.0115973
0.0187368
0.00664453
0.00512365
0.00631665
0.010008
0.0167045
0.0269421
0.0387748
0.0489498
0.0570301
0.0632375
0.0677101
0.0709099
0.0736052
0.0760349
0.078742
0.083425
0.0663818
0.0213145
0.0150165
0.0192157
0.00708849
0.00603677
0.00797696
0.0128358
0.0211478
0.0329632
0.0450495
0.0545158
0.0616757
0.0669376
0.0707048
0.0734212
0.0762725
0.0797636
0.0849304
0.0958586
0.0886444
0.0214838
0.0280538
0.0199166
0.0118925
0.0199562
0.035374
0.0571077
0.0824861
0.106102
0.122651
0.131926
0.136054
0.137373
0.136978
0.135407
0.132974
0.131323
0.134839
0.154067
0.190999
0.0675569
0.0734385
0.0265305
0.0628408
0.106373
0.161267
0.211599
0.249943
0.272596
0.282042
0.289257
0.293043
0.294011
0.294009
0.294432
0.292323
0.288272
0.282857
0.288055
0.346635
0.54768
0.0848074
0.57962
0.482184
0.286766
0.197445
0.154218
0.133295
0.119566
0.111006
0.108121
0.107912
0.104822
0.103585
0.109969
0.113574
0.116841
0.128126
0.147484
0.215598
0.628249
0.977186
0.610615
0.191367
0.0793391
0.0421896
0.0272117
0.0205462
0.0174327
0.0160156
0.0153877
0.0152462
0.0155206
0.0157512
0.0154111
0.0146317
0.0140656
0.0139305
0.0138024
0.0132745
0.0133435
0.015687
0.0201665
0.00807665
0.0066576
0.00834406
0.012438
0.0189322
0.0268199
0.0344748
0.0402778
0.0442228
0.0468997
0.0479113
0.0465866
0.0437323
0.0413051
0.0399343
0.0390185
0.0394197
0.0570442
0.0418655
0.0188253
0.00677751
0.00517421
0.00616527
0.00942635
0.0154636
0.0243855
0.0354235
0.0465333
0.0550238
0.060545
0.0639501
0.0654135
0.0652688
0.0644213
0.0636306
0.0635575
0.0642219
0.0755108
0.0298644
0.0184968
0.00649155
0.00490768
0.00580962
0.00899882
0.0150964
0.0243344
0.0356206
0.046703
0.0555965
0.0617138
0.0656777
0.0681648
0.069608
0.0702742
0.0707763
0.0724415
0.0702621
0.0674334
0.0211694
0.018407
0.00646313
0.00485004
0.00588843
0.00926883
0.0155322
0.0250812
0.0367556
0.047825
0.0566316
0.0629669
0.0673267
0.0703111
0.0724335
0.0738381
0.0751925
0.0777512
0.0652434
0.0319301
0.0119223
0.0187445
0.00664943
0.005136
0.00629832
0.00992389
0.0164943
0.0267544
0.0384523
0.0483852
0.0563452
0.0626425
0.0673457
0.0707075
0.0734282
0.0758709
0.0787436
0.0837179
0.0653113
0.0209932
0.0150381
0.0191629
0.00704965
0.0059686
0.00785571
0.0126088
0.0207871
0.032558
0.0444857
0.0539757
0.0611447
0.0664505
0.0703512
0.0731949
0.0760707
0.0795637
0.0848896
0.0962083
0.0882249
0.0217783
0.0287496
0.0198797
0.0118639
0.0199495
0.0354629
0.0572971
0.0827347
0.106551
0.122894
0.131685
0.135264
0.136473
0.136469
0.135151
0.132557
0.130772
0.134437
0.153846
0.191083
0.0675042
0.0742797
0.0265228
0.0628309
0.106409
0.161438
0.211926
0.250118
0.272187
0.280217
0.28716
0.291275
0.293318
0.293888
0.293584
0.290474
0.285895
0.28064
0.286059
0.344458
0.529477
0.0845371
0.578748
0.479065
0.285436
0.197112
0.152447
0.129556
0.115141
0.107265
0.105697
0.10668
0.104329
0.103577
0.109196
0.112358
0.11604
0.127835
0.146803
0.212819
0.610926
0.970055
0.609602
0.189986
0.078711
0.0419309
0.0272207
0.0206258
0.0175446
0.0161157
0.0154764
0.0153305
0.0155258
0.0156572
0.0153197
0.0146402
0.0141642
0.014073
0.0139388
0.0132601
0.0130226
0.0152032
0.0202103
0.00807869
0.00669836
0.00845304
0.0125735
0.0190262
0.0267705
0.0341725
0.0397302
0.0433985
0.045683
0.0463569
0.0450377
0.0424827
0.0403198
0.0390564
0.038093
0.0384687
0.0575804
0.0439517
0.0189034
0.00680269
0.00519165
0.00622212
0.00954652
0.0156531
0.0246376
0.0358437
0.0469016
0.0551938
0.0603741
0.0632668
0.064312
0.0640222
0.0631613
0.0623229
0.062149
0.0631846
0.0782883
0.0333067
0.0186352
0.00657463
0.00492721
0.00586589
0.00909035
0.0151785
0.0242872
0.035308
0.0463935
0.0552008
0.0612555
0.0653029
0.0677875
0.0691641
0.0698215
0.070359
0.0719113
0.0701938
0.0715422
0.0225686
0.0185381
0.00654605
0.00489699
0.00593124
0.00927066
0.0153904
0.0247857
0.0360697
0.0465376
0.05489
0.061273
0.0659149
0.0690555
0.0712223
0.0727715
0.0744677
0.0776215
0.067181
0.0362071
0.0143383
0.0188357
0.00670765
0.00515306
0.00634351
0.0100001
0.0165898
0.0263944
0.0374501
0.0471284
0.0550673
0.0612683
0.0658321
0.0690861
0.0717459
0.074369
0.0777509
0.0836369
0.0663091
0.0231837
0.0163483
0.0192382
0.00713201
0.00610619
0.00813872
0.0130773
0.021435
0.0333986
0.0453321
0.0544764
0.0614169
0.0665556
0.0705666
0.0733561
0.0761246
0.0796083
0.0850453
0.0968234
0.0910166
0.0246089
0.0315371
0.02003
0.0122366
0.0208614
0.0370361
0.0597986
0.0857462
0.109313
0.124907
0.133113
0.136319
0.137656
0.13805
0.136684
0.133777
0.131834
0.135445
0.154866
0.19341
0.0711352
0.0775406
0.0267234
0.064001
0.108917
0.165251
0.216163
0.252865
0.272883
0.280338
0.287598
0.292109
0.295102
0.295831
0.29494
0.291098
0.286645
0.281786
0.287454
0.34712
0.524103
0.0859929
0.576866
0.477895
0.284629
0.1964
0.152556
0.126898
0.109041
0.0989901
0.097577
0.0997176
0.0981048
0.0960567
0.100715
0.105386
0.11204
0.125073
0.143071
0.207123
0.595762
0.97125
0.609946
0.188011
0.0778002
0.0414593
0.0268855
0.0202706
0.0171372
0.0156136
0.014876
0.0145988
0.0145739
0.0144656
0.014005
0.0133537
0.0129208
0.0127825
0.0124947
0.0115625
0.0111392
0.0138294
0.0218246
0.00878884
0.00725328
0.00885678
0.0127022
0.0183415
0.024682
0.0300543
0.033901
0.036155
0.0370895
0.0367601
0.0354904
0.0338935
0.0323932
0.0311622
0.0301654
0.0306976
0.0509881
0.0566905
0.0204988
0.00745523
0.00568423
0.00666433
0.00975255
0.0150925
0.0227976
0.0319357
0.040257
0.0457781
0.0486805
0.049907
0.0502195
0.050091
0.0496797
0.0487317
0.0478377
0.0494875
0.0790727
0.0846818
0.0202735
0.00723932
0.00544026
0.00635129
0.00922966
0.0143484
0.0214318
0.0295785
0.0367106
0.0415349
0.0447618
0.047426
0.0494555
0.0509179
0.0517663
0.0523204
0.0538867
0.0568618
0.0900661
0.0634404
0.0201545
0.00713192
0.0053362
0.00628984
0.00947071
0.0149775
0.0224529
0.0304605
0.0372494
0.0423996
0.0464408
0.0494555
0.0515292
0.0531905
0.0548454
0.0570563
0.0617513
0.0637397
0.0600262
0.0288745
0.0204262
0.00731012
0.00562102
0.00691375
0.0105507
0.0165312
0.0250124
0.0331793
0.0387306
0.0428938
0.0471067
0.0505959
0.0527867
0.0547925
0.0576942
0.0625563
0.0709882
0.0664496
0.0365874
0.0248076
0.0208896
0.00786442
0.00675348
0.00881343
0.0136583
0.0210311
0.030286
0.0384334
0.0446539
0.0495032
0.0531294
0.056114
0.0581193
0.0610246
0.0653749
0.0720905
0.086598
0.0917145
0.0324114
0.0387461
0.0217272
0.0135741
0.0230504
0.039852
0.0618714
0.085269
0.104911
0.117443
0.125016
0.129258
0.13047
0.129098
0.12704
0.125936
0.125101
0.129082
0.151125
0.197787
0.0886079
0.0913349
0.0290585
0.0792029
0.137311
0.200387
0.251532
0.284687
0.301637
0.306599
0.308688
0.311713
0.314936
0.316001
0.316023
0.314533
0.310355
0.306513
0.320425
0.389604
0.636629
0.118887
0.576315
0.50281
0.326976
0.241735
0.197028
0.168077
0.14893
0.139544
0.139834
0.140572
0.135185
0.130196
0.134927
0.142022
0.148678
0.157889
0.175668
0.256395
0.740053
1.23523
0.646934
0.215193
0.0941651
0.0509033
0.0318497
0.0227059
0.0182755
0.0160912
0.0150133
0.0144807
0.0141445
0.0137489
0.0131635
0.0125313
0.0121424
0.0119118
0.0112568
0.00999107
0.00912947
0.011506
0.585293
0.149767
0.0620399
0.0324479
0.0204673
0.0154274
0.013361
0.0126396
0.012487
0.0124645
0.0123237
0.0119456
0.0113937
0.0110083
0.0109326
0.0106951
0.00992793
0.00923498
0.0110228
0.0289956
0.573716
0.144735
0.0613069
0.0323093
0.0205602
0.0155655
0.0135192
0.0128
0.0125596
0.0123779
0.0121199
0.0117775
0.0114196
0.0112546
0.0111992
0.0108979
0.0105852
0.0111289
0.0197139
0.164774
0.578751
0.149902
0.0627354
0.0319355
0.0191869
0.0139951
0.0119569
0.0111372
0.0106434
0.0102017
0.00988814
0.00975206
0.00974758
0.00984525
0.00979326
0.00955182
0.00956469
0.0105634
0.0319436
0.168504
0.582452
0.144735
0.0567781
0.0286884
0.0181478
0.0141909
0.0128287
0.0123061
0.0117982
0.01125
0.0109974
0.0110729
0.011252
0.0113439
0.0110552
0.0107355
0.0108125
0.0127974
0.0682597
0.352178
0.567751
0.135931
0.0548909
0.0285755
0.0182066
0.013948
0.0121875
0.0111651
0.0102725
0.00974673
0.00983967
0.0102512
0.0105111
0.0104916
0.0102686
0.010322
0.0105907
0.0145911
0.0950009
0.41653
0.558729
0.133164
0.0525422
0.0276324
0.0189229
0.0156796
0.0142074
0.012956
0.0117826
0.0113773
0.011847
0.012312
0.0121197
0.0118186
0.0119289
0.0125527
0.0129577
0.0170211
0.10851
0.452697
0.558337
0.145689
0.0593387
0.0319153
0.0225195
0.0191827
0.0175161
0.0158592
0.014615
0.0146624
0.0154724
0.0154174
0.0144488
0.0144737
0.0154548
0.0163279
0.0168382
0.021267
0.0937189
0.546513
0.594512
0.217795
0.104902
0.0652982
0.0510213
0.0451012
0.0411756
0.0378431
0.0364427
0.0373623
0.0376393
0.0355322
0.0334123
0.0343311
0.0348928
0.0333117
0.0330155
0.0449122
0.0814289
0.961751
0.615935
0.522888
0.276138
0.170934
0.123282
0.0970449
0.0803832
0.0716389
0.0698374
0.0699511
0.0663253
0.0618687
0.0651567
0.0691537
0.0665661
0.0680423
0.0741132
0.0879779
0.147225
0.77079
)
;

boundaryField
{
    floor
    {
        type            compressible::alphatJayatillekeWallFunction;
        Prt             0.85;
        value           nonuniform List<scalar> 
400
(
0.00588239
0.00581996
0.00582932
0.00582983
0.00583621
0.00583366
0.00583799
0.00583527
0.00583592
0.00583671
0.00583757
0.00583757
0.00583553
0.00583703
0.00583805
0.00583689
0.00583353
0.00583138
0.00583206
0.00590872
0.00462626
0.00453921
0.00456267
0.00457357
0.00457996
0.00458178
0.00458199
0.00457666
0.00457287
0.00457006
0.00457291
0.00457752
0.00457718
0.00457546
0.00457323
0.0045702
0.00456492
0.00455762
0.00454935
0.00472272
0.00379464
0.00370856
0.0037307
0.00374584
0.00375407
0.00375863
0.00375788
0.00375266
0.00374896
0.00374749
0.00375056
0.00375447
0.0037541
0.00375186
0.00374865
0.00374483
0.00373992
0.00373336
0.00372629
0.0039204
0.00331681
0.00321997
0.0032328
0.00324452
0.00325267
0.00325694
0.00325587
0.00325153
0.00325091
0.00325249
0.00325396
0.00325477
0.00325384
0.00325223
0.003249
0.00324492
0.00324123
0.00323689
0.00323115
0.00341091
0.00300978
0.00291947
0.00292779
0.00293644
0.00294203
0.00294173
0.00293911
0.00293828
0.00294344
0.00294769
0.00294668
0.00294398
0.0029424
0.00294153
0.0029385
0.00293488
0.00293412
0.00293455
0.00292872
0.00306643
0.0028217
0.00275012
0.00275636
0.00275945
0.00276078
0.00275556
0.00275303
0.0027561
0.00276574
0.00277165
0.00276811
0.00276211
0.00275948
0.0027589
0.00275593
0.0027523
0.00275295
0.00275559
0.00274704
0.00283972
0.00270078
0.00266652
0.00266085
0.00265739
0.00265495
0.00264803
0.00264687
0.00265285
0.00266527
0.00267196
0.0026661
0.002657
0.0026529
0.00265224
0.00265021
0.00264882
0.00265225
0.00265632
0.0026444
0.00270316
0.00264862
0.00262335
0.00261205
0.00260494
0.0026024
0.00259643
0.00259648
0.00260352
0.00261678
0.00262384
0.00261643
0.00260514
0.00259923
0.00259739
0.00259545
0.00259583
0.00260156
0.00260545
0.00258895
0.00262585
0.00261856
0.00259388
0.00258205
0.00257609
0.00257582
0.00257077
0.00257086
0.00257801
0.00259185
0.00259952
0.00259149
0.0025788
0.00257147
0.00256868
0.00256709
0.00256953
0.00257768
0.00258124
0.00256028
0.00258422
0.00258254
0.00258181
0.00256604
0.00256332
0.00256437
0.00255867
0.00255778
0.00256495
0.00257986
0.00258869
0.00258056
0.00256697
0.0025588
0.00255563
0.00255513
0.00256048
0.00257174
0.00257513
0.00254881
0.00256225
0.00257357
0.00259241
0.00257424
0.00257264
0.0025727
0.00256537
0.00256368
0.00257141
0.00258781
0.00259821
0.00259035
0.00257627
0.00256767
0.00256386
0.00256324
0.0025695
0.00258144
0.00258182
0.00254713
0.00254762
0.00258614
0.00259767
0.00258199
0.00257881
0.00257681
0.00256804
0.00256626
0.002575
0.00259302
0.00260524
0.00259783
0.00258367
0.00257552
0.00257186
0.00257105
0.00257747
0.00258924
0.00258595
0.0025421
0.00253029
0.00258011
0.00257482
0.00256307
0.0025575
0.0025538
0.0025439
0.00254224
0.00255181
0.00257089
0.00258479
0.00257744
0.00256275
0.00255522
0.00255256
0.00255282
0.00256132
0.0025757
0.0025725
0.00252289
0.0025046
0.00254649
0.00253868
0.00252825
0.00252137
0.00251744
0.00250741
0.00250592
0.00251546
0.00253471
0.00254973
0.00254172
0.00252527
0.00251676
0.00251381
0.00251464
0.00252589
0.00254504
0.00254564
0.0024953
0.00247611
0.00251273
0.00251698
0.00250535
0.00249849
0.00249602
0.00248582
0.00248502
0.00249558
0.00251546
0.00253147
0.00252288
0.00250434
0.0024933
0.00248801
0.00248763
0.00249936
0.00252193
0.00252618
0.00247627
0.0024578
0.00249566
0.00251268
0.00249917
0.0024906
0.00248973
0.00247763
0.00247813
0.00249063
0.00251258
0.00253
0.00252172
0.00250233
0.00248877
0.00248027
0.00247839
0.00249129
0.00251596
0.002522
0.00246975
0.00244643
0.00248928
0.00250517
0.00249015
0.00247486
0.00247316
0.00245798
0.00245896
0.00247159
0.00249612
0.00251468
0.00250762
0.00248946
0.00247555
0.00246649
0.00246623
0.00248253
0.00251028
0.0025161
0.00245664
0.00241473
0.00247647
0.00248143
0.00246785
0.00244523
0.00243782
0.00242209
0.0024207
0.00242963
0.00245123
0.00246768
0.00246208
0.00244839
0.00243797
0.00243258
0.00243716
0.00245747
0.00248815
0.00248777
0.0024139
0.00235051
0.00247937
0.00251267
0.00248661
0.00245984
0.00244339
0.00242982
0.00242531
0.00243099
0.0024468
0.00245749
0.00245277
0.00244362
0.00243684
0.00243552
0.0024445
0.00246683
0.00249339
0.00247998
0.00239624
0.00230711
0.00265547
0.00265825
0.00261212
0.0025848
0.00256875
0.00256136
0.0025572
0.00256266
0.00257362
0.00257869
0.00257466
0.00256786
0.00256326
0.0025649
0.00257711
0.00259632
0.00260711
0.00258935
0.00253897
0.00246333
)
;
    }
    ceiling
    {
        type            compressible::alphatJayatillekeWallFunction;
        Prt             0.85;
        value           nonuniform List<scalar> 
400
(
0.00797755
0.00783073
0.00782137
0.00784451
0.00784157
0.00784384
0.00784654
0.00784529
0.00784595
0.00784676
0.00784702
0.00784801
0.00784983
0.00785098
0.00785118
0.0078508
0.00784815
0.00784244
0.0078413
0.00796754
0.00572116
0.00586068
0.00581728
0.00582393
0.0058289
0.00583745
0.0058437
0.00584482
0.0058447
0.00584478
0.00584542
0.00584668
0.00584836
0.0058483
0.00584569
0.00583996
0.00583141
0.00582794
0.00587241
0.00578553
0.00477881
0.00532531
0.00531029
0.00528691
0.0052927
0.00531147
0.00532018
0.00532433
0.00532241
0.00532224
0.00532336
0.00532258
0.00532036
0.00531674
0.00530975
0.00529978
0.00529404
0.00528931
0.00542269
0.00509542
0.0042463
0.00497344
0.00492965
0.00486344
0.00488843
0.00490463
0.00491125
0.00491888
0.00491782
0.00491925
0.00492097
0.00491819
0.00491289
0.00490588
0.00489349
0.00488322
0.00488131
0.00487622
0.0050763
0.00458165
0.00398626
0.00473384
0.00468142
0.00460561
0.00463907
0.00464726
0.00465243
0.00466463
0.00466521
0.00466869
0.00467188
0.00466853
0.00466183
0.00465215
0.00463486
0.00462519
0.00461371
0.00461322
0.00485471
0.00426332
0.00386729
0.00460493
0.00454984
0.00446813
0.00450024
0.00450092
0.00450534
0.00452086
0.00452195
0.00452656
0.00453118
0.00452799
0.00452087
0.00450968
0.0044904
0.00447948
0.00445197
0.0044309
0.00468975
0.00404468
0.00379137
0.00450406
0.00445638
0.00435192
0.00439257
0.00438883
0.00439373
0.00441191
0.00441273
0.00441718
0.00442219
0.00441819
0.00440902
0.00439486
0.004378
0.00437418
0.00433834
0.00428573
0.00456715
0.00387967
0.00374295
0.00444567
0.00439272
0.0042699
0.00432498
0.00431439
0.00432433
0.00434805
0.00435085
0.0043564
0.00436216
0.00435721
0.00434385
0.00431838
0.00429173
0.00430244
0.00427016
0.00419408
0.00450051
0.0037808
0.00370897
0.00441749
0.00436182
0.00423327
0.00430017
0.00428877
0.00430373
0.00433205
0.00433964
0.00434794
0.00435446
0.00434971
0.00433565
0.00430349
0.00426018
0.00427557
0.00425412
0.00417844
0.00449973
0.00375799
0.00368678
0.00440529
0.00434839
0.00422486
0.00428911
0.00428209
0.00429471
0.00432142
0.00433099
0.00434087
0.00434866
0.00434514
0.00433266
0.00430151
0.00425549
0.00427228
0.00426118
0.00419692
0.00450361
0.00375903
0.00367753
0.00440387
0.00433917
0.00421858
0.00427285
0.00426298
0.00426969
0.00429099
0.00429784
0.00430584
0.00431233
0.00430867
0.00429832
0.00427133
0.00422308
0.0042444
0.00423978
0.00418166
0.00446547
0.00371528
0.00367412
0.0044007
0.00433126
0.00421011
0.0042659
0.00425318
0.00426033
0.00428059
0.00428653
0.00429192
0.0042949
0.00428853
0.00427948
0.00425704
0.0042087
0.00423132
0.00423126
0.00416074
0.00442684
0.00365652
0.00366711
0.00440749
0.00434181
0.00423386
0.00429292
0.00429273
0.00430407
0.00432549
0.00433305
0.00433745
0.00433921
0.00433494
0.00432835
0.00431055
0.00426944
0.00428373
0.00427713
0.00420046
0.00445625
0.00369473
0.00366263
0.00444866
0.00437303
0.00428311
0.00432164
0.00432448
0.0043322
0.00434956
0.00435674
0.00436099
0.00436316
0.00436107
0.00435587
0.00434112
0.00430392
0.00431154
0.00430093
0.00423873
0.00450179
0.00374174
0.00367486
0.00449334
0.00439693
0.00432121
0.00434053
0.00434806
0.00435621
0.00436962
0.00437624
0.00438104
0.00438439
0.00438297
0.00437803
0.00436497
0.00433037
0.00433427
0.00432667
0.00429099
0.00454233
0.00370795
0.00369246
0.00453034
0.00442454
0.00438564
0.00440308
0.00441648
0.00442987
0.00444171
0.00444831
0.00445392
0.00445841
0.0044565
0.00445137
0.00444002
0.00441013
0.004413
0.0044094
0.00438588
0.00459146
0.00371685
0.00370237
0.00462541
0.00450795
0.0044938
0.00451425
0.00452676
0.00454125
0.00455202
0.00455875
0.00456487
0.00456963
0.0045673
0.0045625
0.0045534
0.00453017
0.00453275
0.00452683
0.00449815
0.00467514
0.00376981
0.00374696
0.00492881
0.00481307
0.00482344
0.00485223
0.00486908
0.00488267
0.00489138
0.00489714
0.00490266
0.00490666
0.00490485
0.00490133
0.00489557
0.00488066
0.0048808
0.00486593
0.00483134
0.00501727
0.0038759
0.00388221
0.00586743
0.00573826
0.00579458
0.00584147
0.00586779
0.00588184
0.00588922
0.0058938
0.00589773
0.00590012
0.00589891
0.00589649
0.00589298
0.00588299
0.00587134
0.00583888
0.00579968
0.00598856
0.00411462
0.0040516
0.00506091
0.00494434
0.00492204
0.00491553
0.00491258
0.00491082
0.00490965
0.00490915
0.00490937
0.00490967
0.00490935
0.0049099
0.0049123
0.00491494
0.00492286
0.00493735
0.00497174
0.00512937
0.0041284
)
;
    }
    fixedWalls
    {
        type            compressible::alphatJayatillekeWallFunction;
        Prt             0.85;
        value           uniform 0;
    }
    inlet
    {
        type            calculated;
        value           nonuniform List<scalar> 
200
(
0.0899999
0.0899996
0.0899996
0.0899996
0.0899996
0.0899996
0.0899996
0.0899996
0.0899998
0.0900027
0.0899999
0.0899997
0.0899996
0.0899996
0.0899996
0.0899996
0.0899996
0.0899997
0.0899997
0.0900025
0.0899999
0.0899997
0.0899996
0.0899996
0.0899996
0.0899996
0.0899996
0.0899997
0.0899997
0.0900025
0.0899999
0.0899997
0.0899996
0.0899996
0.0899996
0.0899996
0.0899996
0.0899997
0.0899997
0.0900025
0.0899999
0.0899997
0.0899996
0.0899996
0.0899996
0.0899996
0.0899996
0.0899997
0.0899997
0.0900025
0.0899999
0.0899997
0.0899996
0.0899996
0.0899996
0.0899996
0.0899996
0.0899997
0.0899997
0.0900025
0.0899999
0.0899997
0.0899996
0.0899996
0.0899996
0.0899996
0.0899996
0.0899997
0.0899997
0.0900025
0.0899999
0.0899997
0.0899996
0.0899996
0.0899996
0.0899996
0.0899996
0.0899997
0.0899997
0.0900025
0.0899999
0.0899997
0.0899996
0.0899996
0.0899996
0.0899996
0.0899996
0.0899997
0.0899997
0.0900025
0.0899999
0.0899997
0.0899996
0.0899996
0.0899996
0.0899996
0.0899996
0.0899997
0.0899997
0.0900025
0.0899999
0.0899997
0.0899996
0.0899996
0.0899996
0.0899996
0.0899996
0.0899997
0.0899997
0.0900025
0.0899999
0.0899997
0.0899996
0.0899996
0.0899996
0.0899996
0.0899996
0.0899997
0.0899997
0.0900025
0.0899999
0.0899997
0.0899996
0.0899996
0.0899996
0.0899996
0.0899996
0.0899997
0.0899997
0.0900025
0.0899999
0.0899997
0.0899996
0.0899996
0.0899996
0.0899996
0.0899996
0.0899997
0.0899997
0.0900025
0.0899999
0.0899997
0.0899996
0.0899996
0.0899996
0.0899996
0.0899996
0.0899997
0.0899997
0.0900025
0.0899999
0.0899997
0.0899996
0.0899996
0.0899996
0.0899996
0.0899996
0.0899997
0.0899997
0.0900025
0.0899999
0.0899997
0.0899996
0.0899996
0.0899996
0.0899996
0.0899996
0.0899997
0.0899997
0.0900025
0.0899999
0.0899997
0.0899996
0.0899996
0.0899996
0.0899996
0.0899996
0.0899997
0.0899997
0.0900025
0.0899999
0.0899997
0.0899996
0.0899996
0.0899996
0.0899996
0.0899996
0.0899997
0.0899997
0.0900025
0.0899999
0.0899996
0.0899996
0.0899996
0.0899996
0.0899996
0.0899996
0.0899996
0.0899997
0.0900027
)
;
    }
    outlet
    {
        type            calculated;
        value           nonuniform List<scalar> 
200
(
0.0159944
0.0254896
0.0521418
0.0515772
0.0515202
0.0516803
0.0528767
0.0607861
0.106983
0.661412
0.0169743
0.0489347
0.0658403
0.0535369
0.0614035
0.061464
0.062021
0.0663961
0.0970883
1.14145
0.0158122
0.0424754
0.0328123
0.062756
0.0627169
0.0627744
0.0632977
0.0674278
0.0966321
0.938454
0.0151048
0.0403501
0.0279409
0.0629277
0.0628901
0.0629474
0.0634671
0.0675698
0.0966018
0.951281
0.0146948
0.0422869
0.0303407
0.0629492
0.0629118
0.0629692
0.0634885
0.0675881
0.0966008
0.966395
0.0145075
0.0515541
0.0473279
0.026063
0.0629145
0.0629718
0.0634911
0.0675904
0.096601
0.974322
0.0144028
0.0528895
0.0512132
0.0295154
0.0629148
0.0629721
0.0634914
0.0675907
0.096601
0.978217
0.0145388
0.0533328
0.0520262
0.0303333
0.0629148
0.0629722
0.0634915
0.0675907
0.0966011
0.980203
0.0148159
0.0538239
0.0524062
0.0306478
0.0629148
0.0629722
0.0634915
0.0675907
0.0966011
0.981544
0.0149455
0.0540279
0.0524934
0.0306931
0.0629148
0.0629722
0.0634915
0.0675907
0.0966011
0.982769
0.0148424
0.0538694
0.0522309
0.0304635
0.0629148
0.0629722
0.0634915
0.0675907
0.0966011
0.983441
0.0146694
0.0533919
0.0515612
0.0298658
0.0629148
0.0629722
0.0634915
0.0675907
0.0966011
0.982915
0.0145535
0.0530232
0.0511094
0.0294266
0.0629148
0.0629722
0.0634915
0.0675907
0.0966011
0.982322
0.0145949
0.0532538
0.0518101
0.0300694
0.0629148
0.0629722
0.0634915
0.0675907
0.0966011
0.982065
0.0149052
0.053763
0.0530194
0.0316919
0.0629145
0.0629719
0.0634913
0.0675908
0.0966016
0.979772
0.0154034
0.0514787
0.0480984
0.0292484
0.0629119
0.0629694
0.0634893
0.0675907
0.0966057
0.977186
0.015687
0.0418655
0.0298644
0.0629268
0.0628896
0.0629479
0.0634713
0.0675859
0.0966371
0.970055
0.0152032
0.0439517
0.0333067
0.062742
0.0627049
0.0627669
0.0633101
0.0675128
0.0968575
0.97125
0.0138294
0.0566905
0.0846818
0.0634404
0.0612429
0.0613208
0.0619633
0.0666848
0.098167
1.23523
0.011506
0.0289956
0.0516141
0.0509308
0.050846
0.0509749
0.0520176
0.0592183
0.103551
0.77079
)
;
    }
}


// ************************************************************************* //
