/*--------------------------------*- C++ -*----------------------------------*\
  =========                 |
  \\      /  F ield         | OpenFOAM: The Open Source CFD Toolbox
   \\    /   O peration     | Website:  https://openfoam.org
    \\  /    A nd           | Version:  8
     \\/     M anipulation  |
\*---------------------------------------------------------------------------*/
FoamFile
{
    version     2.0;
    format      ascii;
    class       volScalarField;
    location    "0.005";
    object      nut;
}
// * * * * * * * * * * * * * * * * * * * * * * * * * * * * * * * * * * * * * //

dimensions      [0 2 -1 0 0 0 0];

internalField   nonuniform List<scalar> 
4000
(
0.633912
0.208459
0.0876075
0.0484026
0.0315727
0.023771
0.0196065
0.0180039
0.0171445
0.0161521
0.0159298
0.016309
0.0161752
0.0152901
0.0144336
0.0140221
0.013879
0.0135764
0.0136432
0.0183281
0.575154
0.186197
0.08145
0.0441864
0.0283765
0.0217816
0.0189554
0.0174774
0.0167412
0.0168444
0.0171914
0.0169155
0.0160468
0.0152647
0.0149316
0.0148528
0.0145665
0.0139618
0.0158353
0.0410186
0.570629
0.182793
0.0790273
0.0424847
0.0272172
0.0207775
0.0176953
0.0164755
0.0161491
0.0160079
0.0156403
0.0151849
0.0149141
0.0147416
0.0145427
0.0142287
0.013709
0.0136829
0.0247626
0.269223
0.567837
0.181645
0.0791715
0.042793
0.0273975
0.0208092
0.0178504
0.0165949
0.0159565
0.0158214
0.0156771
0.0154117
0.0153197
0.015292
0.0150955
0.0146417
0.0140638
0.0151818
0.0571403
0.494752
0.563713
0.178462
0.0777152
0.0419207
0.0266703
0.0200828
0.0174463
0.0164846
0.0157891
0.0157508
0.0157741
0.0155706
0.015518
0.0155823
0.0154842
0.0150972
0.0147109
0.0177815
0.11011
0.636701
0.563974
0.174881
0.0739872
0.0399241
0.0260409
0.0198226
0.017503
0.0168763
0.0161392
0.0160159
0.0160124
0.0158382
0.0158613
0.016054
0.0161204
0.0159235
0.0158386
0.0220239
0.140246
0.722711
0.552839
0.166443
0.0694436
0.0370168
0.0254769
0.0200007
0.0177283
0.0170323
0.0161296
0.0157646
0.0156684
0.0156193
0.0158188
0.0161945
0.0165456
0.0168065
0.0172823
0.0225805
0.152804
0.782118
0.553373
0.175549
0.0756372
0.0395489
0.0274443
0.0226382
0.0204394
0.0195815
0.0186393
0.0181319
0.0179696
0.0179652
0.0181209
0.0184079
0.0189197
0.0199596
0.0217427
0.026568
0.129552
0.826134
0.595571
0.192332
0.0902874
0.0543759
0.0397814
0.033875
0.0305353
0.0282366
0.0263695
0.0252445
0.0247748
0.0245934
0.0244048
0.0241888
0.0243695
0.0250912
0.0277799
0.0346583
0.0647038
0.817549
0.619299
0.197928
0.0764642
0.0446147
0.0335534
0.0292815
0.0267854
0.0252903
0.0242943
0.0236722
0.0234356
0.0233747
0.0232274
0.023181
0.0236587
0.0243891
0.0251305
0.027643
0.0396128
0.201719
0.604217
0.193409
0.0797209
0.0427603
0.0277731
0.0213417
0.01863
0.0173471
0.0165179
0.016196
0.0165111
0.0166855
0.0160705
0.0151144
0.0145649
0.0144678
0.0142887
0.0137076
0.014484
0.0184538
0.0220209
0.0116154
0.0102943
0.0130617
0.0188858
0.0268971
0.0352617
0.0426005
0.0473994
0.0501182
0.0517938
0.0517015
0.0492769
0.045917
0.043533
0.0422965
0.0413772
0.0424766
0.0643813
0.0680985
0.0204555
0.0100065
0.0084391
0.0103727
0.0153098
0.0232661
0.0332375
0.0435573
0.0524334
0.0583933
0.0615359
0.0631183
0.0637402
0.0635046
0.0627216
0.0616464
0.061044
0.0615115
0.0919431
0.0958126
0.0203577
0.0099071
0.00823799
0.0100471
0.014814
0.0226445
0.0326811
0.042911
0.051872
0.0587059
0.0626653
0.0651072
0.0671071
0.0685351
0.0690521
0.0690558
0.0703496
0.0706935
0.100428
0.0784116
0.0204138
0.00993544
0.00833867
0.0103332
0.0154307
0.0236244
0.0340261
0.0440968
0.0526284
0.0594196
0.0635313
0.0661082
0.0686003
0.0711649
0.0731597
0.0749507
0.0789609
0.0738585
0.0580877
0.0369536
0.0207448
0.0102686
0.00882794
0.0111716
0.0168829
0.0257885
0.0368192
0.0467837
0.0544832
0.0604881
0.0642361
0.0668993
0.0699325
0.0735359
0.0774725
0.0823058
0.0910737
0.0783076
0.0401756
0.0348565
0.0213569
0.0110044
0.0105385
0.0145298
0.0216459
0.0319446
0.0439184
0.0542539
0.0615865
0.0666951
0.0700288
0.0724661
0.0752468
0.0792679
0.0850413
0.0939333
0.111752
0.113897
0.0392664
0.0554089
0.0218715
0.0184231
0.0350897
0.0626707
0.093224
0.120997
0.140353
0.152277
0.158727
0.161315
0.161078
0.159239
0.157016
0.155004
0.154891
0.160502
0.186869
0.242087
0.107646
0.123836
0.0303531
0.0852386
0.152335
0.219471
0.264761
0.289259
0.299623
0.301971
0.302868
0.303045
0.302811
0.302759
0.302053
0.299867
0.296571
0.29394
0.303146
0.365764
0.598081
0.106923
0.572883
0.225537
0.127852
0.0930296
0.0742527
0.0655218
0.0592595
0.055896
0.0543796
0.0537805
0.0537838
0.0537155
0.0542705
0.0568822
0.0599126
0.0629037
0.0708125
0.0994649
0.278161
0.4088
0.608616
0.19779
0.0818326
0.0435133
0.0281209
0.0215554
0.0184564
0.0170199
0.0161884
0.0157648
0.0160079
0.0162471
0.0157508
0.0148434
0.0142715
0.0141287
0.0139155
0.0133804
0.0138337
0.0170888
0.0201886
0.00992572
0.00838323
0.0105394
0.0157055
0.0237737
0.0335394
0.043116
0.0499667
0.0542621
0.0572155
0.0580053
0.0556911
0.0518609
0.0490122
0.0475089
0.0465209
0.0481971
0.0719068
0.0581237
0.0187425
0.00844104
0.00672671
0.008156
0.0124625
0.0201774
0.0312969
0.0453234
0.0591081
0.0694573
0.0762351
0.0803723
0.0820144
0.0815096
0.0801599
0.07885
0.0782434
0.0791452
0.0984658
0.0467889
0.0186523
0.00837521
0.00661482
0.00798287
0.0121953
0.0198564
0.0310658
0.0445928
0.0583663
0.069722
0.0775265
0.082783
0.0862867
0.0881886
0.0888982
0.0892185
0.0904306
0.0861742
0.0867574
0.0322218
0.0187409
0.0084615
0.00675377
0.00836097
0.012956
0.021081
0.0326415
0.0462285
0.0595947
0.0706974
0.078387
0.0836045
0.0875134
0.0904431
0.0925333
0.0944923
0.0975931
0.0812872
0.0420205
0.0193609
0.0190318
0.00868654
0.00716436
0.00914147
0.0144439
0.0235372
0.0359301
0.0496428
0.0620682
0.0720589
0.0791689
0.0840665
0.0879885
0.0915824
0.0951166
0.0993894
0.106213
0.0816182
0.0294657
0.023813
0.0197286
0.00912313
0.00822719
0.0110664
0.0179211
0.0288624
0.042987
0.0575846
0.0697088
0.0787176
0.0848276
0.0888997
0.0921954
0.095865
0.100583
0.107812
0.122605
0.113743
0.0307905
0.0440527
0.0210365
0.0154207
0.0272716
0.0488047
0.0783641
0.109961
0.136305
0.154496
0.164965
0.170032
0.1715
0.170433
0.167831
0.164899
0.163024
0.166609
0.189841
0.237347
0.0869493
0.103358
0.0285927
0.0652215
0.110916
0.167777
0.217632
0.25189
0.270778
0.278642
0.281237
0.282851
0.284555
0.28551
0.285346
0.283703
0.279196
0.272146
0.276775
0.333303
0.493484
0.0798641
0.569889
0.219126
0.125557
0.0887966
0.0700981
0.0615871
0.0560431
0.0525335
0.0509538
0.0503254
0.0499112
0.0495959
0.0503188
0.0522063
0.0537935
0.0558953
0.0621187
0.0872858
0.238091
0.344029
0.608848
0.199857
0.0833041
0.0442109
0.0284882
0.0216624
0.0183511
0.0168164
0.0160238
0.0156915
0.0159649
0.0161601
0.0156011
0.0146664
0.0140999
0.0139166
0.0135427
0.0128472
0.013188
0.0163132
0.0201265
0.00979403
0.00821286
0.0102293
0.0151944
0.0230277
0.0327606
0.0424152
0.0494121
0.0539511
0.0570392
0.0578178
0.0554731
0.0517107
0.0489828
0.0474322
0.0460275
0.0470756
0.0710912
0.0551003
0.0187187
0.00835153
0.00660106
0.00793882
0.0120828
0.0195851
0.0307452
0.0450976
0.0593291
0.070185
0.0774685
0.0819312
0.0836193
0.0830474
0.0816419
0.0802614
0.0795064
0.0801876
0.0966692
0.0397388
0.0186745
0.00830235
0.00646564
0.00773888
0.0118395
0.0194143
0.0306948
0.0445877
0.0585303
0.0701553
0.0785103
0.0841638
0.0878187
0.0897618
0.0904992
0.0909183
0.0921931
0.0872253
0.0820976
0.0273421
0.0187262
0.00837635
0.00661733
0.00806345
0.0124375
0.0203299
0.0318544
0.0458697
0.0595771
0.0711592
0.0794809
0.0851955
0.0893235
0.0922667
0.0942539
0.0961788
0.0990708
0.0809326
0.0381919
0.0165294
0.0189541
0.00863168
0.00706259
0.00882355
0.0137726
0.0224546
0.0347224
0.0488497
0.0615524
0.0721096
0.0799291
0.0853987
0.0895652
0.0931774
0.0965507
0.100636
0.107127
0.083185
0.0266703
0.0216449
0.0191393
0.00900535
0.00818568
0.0109779
0.0175233
0.0283473
0.0424786
0.0571374
0.0694322
0.07875
0.0852625
0.0896008
0.0929678
0.0965985
0.10115
0.108196
0.122529
0.112752
0.0278984
0.0407495
0.019555
0.0140485
0.0247202
0.0446803
0.0724083
0.103591
0.131113
0.150401
0.161681
0.167407
0.169453
0.168595
0.166006
0.163045
0.161201
0.1653
0.188389
0.233625
0.0827323
0.0989251
0.0266805
0.0602778
0.10259
0.157853
0.207064
0.242946
0.263863
0.27347
0.279894
0.283732
0.284953
0.284514
0.28364
0.281895
0.277767
0.271764
0.276561
0.33196
0.504989
0.0788004
0.577513
0.21948
0.122824
0.0834218
0.065073
0.0567005
0.0502938
0.0461685
0.0444718
0.0441364
0.043887
0.0435713
0.0448528
0.0474514
0.0496396
0.0536148
0.0610328
0.0877121
0.248361
0.349664
0.611874
0.201106
0.0841137
0.044703
0.0287289
0.0217092
0.0182769
0.0167434
0.0160159
0.0157203
0.0159673
0.0161057
0.0155022
0.0145658
0.0140386
0.013895
0.0135017
0.0126764
0.012803
0.0158693
0.0200671
0.00974677
0.00813397
0.0100903
0.0149803
0.0227224
0.0324728
0.0420946
0.0491445
0.0537612
0.0568246
0.0574998
0.0550821
0.0513517
0.0486967
0.0471101
0.0455568
0.046162
0.0706594
0.057731
0.0186922
0.00834108
0.00658952
0.00790003
0.0119892
0.0194038
0.0305844
0.0449431
0.0592211
0.0702012
0.0775754
0.0820199
0.0836239
0.0830169
0.0816146
0.0802076
0.0795215
0.0805543
0.0990902
0.0431381
0.0186351
0.0082576
0.00645846
0.00771973
0.0118365
0.0194725
0.030915
0.0449458
0.0588971
0.0704358
0.0786876
0.0842146
0.0877275
0.0895763
0.0902389
0.0906491
0.0922233
0.0885337
0.0861874
0.0298302
0.0186893
0.00830876
0.00649343
0.00789096
0.012215
0.0200693
0.0317523
0.0458324
0.0595284
0.0711895
0.0796576
0.0854317
0.0895126
0.0923687
0.0941894
0.0959822
0.0990089
0.0813445
0.038678
0.0160791
0.0190624
0.00854403
0.00684273
0.00845994
0.0132047
0.0216473
0.0340745
0.0482384
0.0609376
0.0716975
0.0798641
0.0855398
0.0897362
0.0933072
0.0964755
0.100255
0.106672
0.0839095
0.0263692
0.0211797
0.0196005
0.0090566
0.00811467
0.010776
0.0171807
0.0279022
0.0422531
0.0569151
0.0691984
0.0786708
0.0854098
0.0898434
0.0931734
0.0967567
0.101033
0.107619
0.121833
0.113517
0.0274187
0.0399071
0.0201343
0.0142984
0.0247995
0.0443142
0.07201
0.103644
0.131501
0.150513
0.161336
0.166991
0.169346
0.168664
0.166132
0.163175
0.161101
0.164979
0.188195
0.2334
0.0831403
0.0979894
0.026853
0.0614604
0.10498
0.160279
0.209938
0.246202
0.26676
0.275117
0.279394
0.282278
0.284674
0.285279
0.284805
0.28326
0.279206
0.273178
0.277899
0.33345
0.522072
0.0790431
0.576577
0.219935
0.123452
0.0854141
0.0672588
0.0585748
0.0524604
0.0489381
0.0477617
0.0472702
0.0465032
0.0462528
0.0477647
0.0493905
0.0505976
0.0545389
0.062241
0.0900459
0.258519
0.355319
0.61066
0.201457
0.0845698
0.0449652
0.0287178
0.0215294
0.0180673
0.0165741
0.015878
0.0155673
0.0157687
0.015866
0.0152388
0.0143115
0.0137869
0.0135996
0.0131397
0.0123192
0.0124919
0.0156669
0.0200822
0.00974864
0.00811064
0.0100149
0.0148124
0.0224558
0.0320954
0.0416733
0.0487797
0.0534353
0.0564705
0.0570932
0.0546493
0.0509549
0.0483536
0.0466819
0.0448684
0.0453941
0.0714514
0.0703807
0.0187716
0.00838234
0.0066143
0.00787999
0.0118955
0.0192155
0.0302073
0.0444414
0.058768
0.0698849
0.0773522
0.0818038
0.0833729
0.0827721
0.0813736
0.0798489
0.079059
0.0811681
0.108688
0.0672878
0.0186774
0.00824735
0.00638959
0.00763023
0.0116964
0.0192874
0.0307163
0.0447592
0.0587301
0.0702876
0.0785381
0.0840196
0.0874684
0.0893043
0.0899389
0.0902608
0.0919863
0.0912671
0.101929
0.0372613
0.0186193
0.00820916
0.00638518
0.00776311
0.0120312
0.0198161
0.031514
0.0456477
0.059417
0.0711687
0.0797333
0.0855282
0.0895669
0.0924045
0.0941628
0.0957917
0.0987267
0.08196
0.0404019
0.0163486
0.0189346
0.00842587
0.00669978
0.00827172
0.0129185
0.0212242
0.0335967
0.0477135
0.0604106
0.071306
0.0797001
0.0854957
0.0896985
0.0933256
0.0965299
0.100171
0.106425
0.0849048
0.0265869
0.0210366
0.0195335
0.0090422
0.00805837
0.0106743
0.0170132
0.0276552
0.0417049
0.0563029
0.0686827
0.0783043
0.085171
0.0896011
0.0928619
0.0965309
0.100952
0.107511
0.121594
0.114375
0.0274446
0.0395959
0.0202832
0.0146361
0.0253074
0.0450163
0.0726974
0.104049
0.131453
0.150595
0.161877
0.167769
0.170188
0.169352
0.16668
0.163703
0.161721
0.165586
0.188517
0.233537
0.0839325
0.0977895
0.0267567
0.0609607
0.103563
0.15844
0.208196
0.244468
0.264798
0.274263
0.281158
0.284597
0.286113
0.285539
0.284903
0.283514
0.280099
0.274559
0.279131
0.335049
0.534619
0.079207
0.577296
0.221803
0.12551
0.0867219
0.0677982
0.0586103
0.0522555
0.0484008
0.0471972
0.0469209
0.0460097
0.0456283
0.047764
0.0495354
0.0509779
0.0552601
0.0629762
0.0914749
0.264711
0.358243
0.612725
0.20152
0.0845022
0.0449038
0.0286067
0.0214424
0.0180321
0.0165752
0.0158806
0.0155436
0.0157229
0.0158176
0.0151951
0.0142737
0.0137672
0.0136115
0.0131627
0.0122878
0.0123897
0.0155538
0.0200659
0.00973978
0.00810524
0.010002
0.0147624
0.022355
0.0319232
0.0415334
0.0487452
0.053488
0.0565918
0.0572768
0.0548578
0.0511683
0.048607
0.0469537
0.0450535
0.0454062
0.0715962
0.0722036
0.0188118
0.00842407
0.00664559
0.00788672
0.011874
0.0191757
0.02998
0.0440892
0.0584196
0.0695983
0.0771408
0.0816544
0.0832588
0.0827314
0.081451
0.0799974
0.0792335
0.0814524
0.11012
0.0728112
0.018664
0.00826634
0.00641473
0.00762256
0.0116334
0.0191382
0.0304453
0.0444032
0.05836
0.069976
0.0783393
0.0839103
0.087394
0.0892759
0.0899726
0.090322
0.0920963
0.0917383
0.104742
0.0421969
0.0184707
0.00814926
0.00634416
0.00770776
0.0119516
0.0197166
0.0314884
0.0457723
0.0596088
0.0713386
0.0798979
0.0856787
0.0896591
0.0924623
0.0942059
0.0957803
0.0986943
0.0822573
0.0412437
0.0164754
0.0186393
0.00825321
0.00659799
0.00816893
0.0128264
0.0211787
0.033889
0.0483379
0.0610607
0.0719541
0.0803348
0.0860515
0.0900745
0.0935696
0.0967103
0.10023
0.106424
0.086046
0.0267728
0.0209507
0.0191293
0.00875216
0.00777898
0.0103488
0.0166017
0.0271929
0.0416515
0.0564046
0.0688303
0.0785634
0.0856035
0.0900908
0.0932179
0.0967847
0.10117
0.107603
0.121575
0.115776
0.0275055
0.0394306
0.0199178
0.0141838
0.0243814
0.0434645
0.0708637
0.102519
0.130644
0.150062
0.16137
0.167287
0.170033
0.169441
0.166769
0.163717
0.16193
0.166041
0.188972
0.233904
0.0845941
0.0977588
0.0266624
0.0604753
0.102254
0.156617
0.206439
0.243181
0.263933
0.272786
0.279275
0.282772
0.285036
0.284801
0.284278
0.282909
0.280087
0.275254
0.279904
0.335861
0.542217
0.0792803
0.578181
0.222918
0.126445
0.0872467
0.0681359
0.0588666
0.0525157
0.0489073
0.0479509
0.0475493
0.0463273
0.0459669
0.0483359
0.0499304
0.0514068
0.0560213
0.0638924
0.092677
0.268209
0.359676
0.611429
0.200483
0.0839866
0.0446418
0.0285717
0.021548
0.0182123
0.0167742
0.0160762
0.0157364
0.0159328
0.0160564
0.0154488
0.0145145
0.0140267
0.0139168
0.0134637
0.0124893
0.012518
0.0157007
0.0200917
0.00975686
0.00813157
0.0100424
0.014879
0.0225782
0.0322241
0.0419672
0.0493099
0.0541994
0.0574839
0.0583201
0.0559209
0.0521308
0.0495224
0.047884
0.0459084
0.0461996
0.0725471
0.0728088
0.0189289
0.00849883
0.00672216
0.00798755
0.0120492
0.0194568
0.0303478
0.0443177
0.0584866
0.0695467
0.0770685
0.0816636
0.0833448
0.0828781
0.0816914
0.080322
0.0795594
0.0817436
0.110448
0.0739671
0.0187101
0.00826084
0.00646326
0.00762631
0.0115934
0.0190247
0.0302092
0.044039
0.0579402
0.0695785
0.0780742
0.0838181
0.0874142
0.0893506
0.0900996
0.0904781
0.0922318
0.0919949
0.105918
0.0433663
0.018614
0.00820963
0.00635902
0.00768941
0.0118974
0.0196129
0.0312736
0.0454983
0.0592247
0.0708409
0.0794399
0.0853666
0.0894487
0.0923004
0.0941042
0.0957282
0.0986626
0.0826655
0.0421593
0.0164904
0.0189809
0.00845739
0.00673828
0.00832982
0.0130698
0.0215795
0.0340315
0.0481536
0.0607549
0.0714748
0.0797122
0.0854568
0.0894817
0.0929806
0.0962584
0.0999727
0.106415
0.0875405
0.0269384
0.0208723
0.0195137
0.00901546
0.00805707
0.0107137
0.0171814
0.0281051
0.0424768
0.0571529
0.0692991
0.078666
0.0854686
0.0898187
0.0927462
0.0961612
0.100604
0.107239
0.121477
0.117306
0.0275669
0.0393399
0.0201635
0.0144801
0.0249922
0.0444665
0.0718961
0.103387
0.131326
0.150733
0.161869
0.167587
0.17034
0.169858
0.167068
0.163647
0.161652
0.165843
0.188955
0.234109
0.0850338
0.0977719
0.0267341
0.0608581
0.103062
0.157513
0.207132
0.243891
0.264762
0.27361
0.280101
0.283584
0.286036
0.285809
0.284948
0.282978
0.279988
0.275368
0.280168
0.336241
0.546774
0.0793132
0.577769
0.223094
0.1269
0.0878766
0.068964
0.0598005
0.0535139
0.0501431
0.0494102
0.0489144
0.0473849
0.0469647
0.0494386
0.0508433
0.0521267
0.0567049
0.0645901
0.0934681
0.270136
0.360406
0.611741
0.199747
0.0836204
0.0446047
0.0287942
0.0218828
0.0185913
0.0171539
0.0164598
0.0161431
0.0163852
0.0165573
0.0159646
0.015011
0.0145262
0.0144659
0.0140633
0.0129868
0.0128816
0.0159999
0.0200943
0.00975743
0.00814961
0.0101102
0.0150492
0.022885
0.0327185
0.0427212
0.0503099
0.0554665
0.0590598
0.0600896
0.0577082
0.053754
0.0510085
0.0493772
0.0474278
0.0475292
0.0738469
0.0734792
0.0189405
0.00849969
0.00674049
0.00804796
0.0121876
0.0197154
0.0307329
0.0447273
0.0588444
0.0698297
0.0773089
0.0820336
0.0838682
0.083484
0.0823365
0.0810295
0.0803237
0.0824297
0.110827
0.0745074
0.0185273
0.00808654
0.00632799
0.00746486
0.0113735
0.0187167
0.029841
0.0436601
0.0577288
0.0694211
0.0779982
0.0839089
0.0876587
0.089653
0.0903767
0.0906963
0.0924075
0.0922515
0.106674
0.0438159
0.0183826
0.00798456
0.00617717
0.00746366
0.0116002
0.0192334
0.0310434
0.0455071
0.0593541
0.0709211
0.0795108
0.0855527
0.0897496
0.0926002
0.0942969
0.0957803
0.0986342
0.0830738
0.0429932
0.0164576
0.0187801
0.00825208
0.00654071
0.00809686
0.0127776
0.021231
0.0338725
0.0482256
0.0607276
0.0713762
0.0796637
0.0856108
0.0897584
0.0932014
0.0963539
0.0999593
0.106441
0.0890506
0.0270392
0.0207937
0.019359
0.0088542
0.0078794
0.0104902
0.0168949
0.0277841
0.0422746
0.0570064
0.069133
0.0785026
0.0854413
0.0900247
0.0930396
0.0963537
0.100652
0.107189
0.121451
0.118671
0.0276126
0.0392852
0.0200586
0.0143374
0.0246517
0.0438535
0.0711331
0.10278
0.131116
0.150602
0.161588
0.167147
0.170097
0.170121
0.167599
0.163999
0.161706
0.16575
0.188843
0.234167
0.0852975
0.0977897
0.0267376
0.060872
0.102816
0.157043
0.206726
0.243875
0.265125
0.273469
0.279538
0.283183
0.286249
0.286624
0.285465
0.283018
0.27984
0.275281
0.280183
0.336369
0.549473
0.0793292
0.577995
0.222968
0.126678
0.0877919
0.0690053
0.0598664
0.0535568
0.0502891
0.0498081
0.0494121
0.0477272
0.0472544
0.0498259
0.0512195
0.0524828
0.057089
0.0650337
0.094001
0.271353
0.3609
0.612114
0.199213
0.0834777
0.0447032
0.0289807
0.0220921
0.0187993
0.0173595
0.0166753
0.0163878
0.0166771
0.016904
0.0163488
0.0154071
0.0149383
0.0149134
0.0145306
0.0133762
0.0131322
0.0161399
0.0201536
0.00981208
0.0082146
0.0102152
0.0152171
0.0231404
0.0329916
0.0431078
0.050849
0.0561638
0.0599421
0.0611454
0.0588445
0.0548509
0.0520734
0.0504954
0.0485785
0.0484193
0.0744153
0.0737577
0.018921
0.00848668
0.0067184
0.00801965
0.0121461
0.0196493
0.0306302
0.0447336
0.0590095
0.0700985
0.077606
0.0823773
0.0843305
0.084066
0.0830199
0.0818042
0.0811391
0.08308
0.111143
0.0746313
0.0184805
0.00805086
0.00626121
0.00739813
0.0112932
0.0186211
0.0297165
0.0435649
0.0575574
0.0692137
0.0777538
0.0837166
0.0876016
0.08974
0.0905611
0.0909199
0.0926241
0.0924014
0.106823
0.0438806
0.0183753
0.00798163
0.00616122
0.00748881
0.0116734
0.0193807
0.0309929
0.0452899
0.0589532
0.0703066
0.0788031
0.084956
0.0893897
0.0924628
0.0942846
0.0958004
0.0986676
0.0832725
0.0433156
0.0164479
0.0187727
0.00825328
0.00657977
0.00818397
0.0129355
0.0215172
0.0340502
0.048288
0.0607476
0.0712018
0.0793325
0.0852358
0.0895351
0.0931079
0.0963149
0.0999355
0.106514
0.0901709
0.0270772
0.0207641
0.0193231
0.00883281
0.00790052
0.0105668
0.0170518
0.028067
0.0426094
0.0573608
0.0693157
0.0784419
0.0852335
0.0898731
0.0930151
0.0963775
0.100661
0.107178
0.1215
0.119729
0.0276433
0.0392591
0.0200145
0.0142925
0.024633
0.0439314
0.0712128
0.102795
0.131156
0.150684
0.161574
0.166907
0.169735
0.169973
0.167792
0.164298
0.16189
0.16581
0.188872
0.23434
0.0854757
0.0978043
0.0267424
0.0609126
0.102806
0.157081
0.206809
0.244122
0.265662
0.274004
0.279895
0.283345
0.286478
0.287178
0.28609
0.283447
0.280036
0.275372
0.280288
0.336546
0.550972
0.0793414
0.578264
0.222924
0.126658
0.0879115
0.069245
0.0601485
0.0538037
0.0505813
0.0502442
0.0499292
0.0481321
0.0475225
0.0500535
0.0514452
0.0527458
0.0574214
0.0654421
0.0945106
0.272351
0.36135
0.612525
0.199773
0.0837882
0.0447992
0.0289418
0.0219711
0.0186206
0.0171458
0.0164501
0.0161623
0.0164557
0.0166931
0.0161448
0.0151949
0.0147159
0.0146992
0.0143515
0.0132424
0.0130209
0.0160286
0.0201846
0.00981265
0.0082234
0.0102222
0.0151921
0.0230816
0.0328397
0.0427988
0.050392
0.0555581
0.0591822
0.0603719
0.058104
0.054162
0.0514553
0.0499921
0.0482308
0.0482455
0.0743372
0.0735413
0.01885
0.00840766
0.00661807
0.00787801
0.0118962
0.0192694
0.0301508
0.0443968
0.058856
0.0701129
0.0777258
0.0824245
0.0842782
0.0839218
0.0828331
0.0816442
0.081032
0.0830191
0.111055
0.0742582
0.0185338
0.00807238
0.00628089
0.00739834
0.0112815
0.0186085
0.0297117
0.0435597
0.0575516
0.0692289
0.0777286
0.0836429
0.0875044
0.0896445
0.0904842
0.0908669
0.0925732
0.0922729
0.106395
0.0435523
0.018548
0.00810424
0.00629784
0.00765907
0.0119234
0.0197497
0.0312528
0.0453908
0.0589758
0.0702174
0.0785599
0.0846223
0.0890838
0.0922672
0.0942067
0.0957959
0.0986629
0.0831035
0.0430351
0.0164937
0.0189661
0.00839922
0.00675078
0.00841368
0.0132903
0.0220295
0.0344478
0.048604
0.0610642
0.0713422
0.0792331
0.0849374
0.0892277
0.0929096
0.0962426
0.0999556
0.106579
0.0903548
0.0270766
0.0207858
0.019469
0.00894389
0.00804924
0.0107942
0.0174169
0.0285779
0.0432279
0.0580062
0.0698185
0.0786667
0.0851608
0.0896241
0.0927534
0.0961865
0.100576
0.107199
0.121624
0.120102
0.0276377
0.0392359
0.0201017
0.0143834
0.0248922
0.0444443
0.0717648
0.10312
0.131297
0.150867
0.161804
0.16704
0.169628
0.169676
0.167551
0.164233
0.161965
0.165955
0.189084
0.234641
0.0855681
0.0978006
0.0267559
0.0610277
0.103187
0.157563
0.207106
0.244332
0.266096
0.274696
0.280573
0.28378
0.28657
0.287106
0.286185
0.283589
0.280148
0.275493
0.280451
0.336744
0.551518
0.0793451
0.57835
0.223004
0.126773
0.088053
0.0694666
0.0604345
0.0540849
0.0508861
0.0505865
0.0503371
0.0484614
0.0476712
0.0501462
0.0515641
0.0529338
0.0576909
0.0657601
0.0948754
0.272924
0.361597
0.612524
0.200678
0.0841861
0.0448555
0.0288297
0.0217658
0.0183449
0.0168241
0.0160992
0.0157911
0.0160655
0.016296
0.0157435
0.0147663
0.014245
0.0142067
0.0138979
0.0129202
0.0128078
0.0158417
0.0201094
0.00972164
0.00814397
0.0101327
0.0150306
0.0228298
0.0324419
0.0421485
0.049491
0.0544181
0.0578466
0.0589148
0.0566219
0.0527113
0.0500364
0.0486446
0.0470667
0.0474914
0.0735174
0.0728894
0.0187329
0.0082981
0.00653565
0.00780336
0.0117575
0.0190454
0.0298469
0.0440498
0.0585325
0.0698424
0.0775143
0.0821914
0.0838856
0.0832967
0.0820086
0.0807378
0.0801932
0.0824457
0.110556
0.073306
0.0184875
0.00801924
0.00626341
0.00736292
0.011226
0.0185353
0.0296107
0.0434576
0.0576155
0.0694387
0.0779627
0.083841
0.0876012
0.0895955
0.0902965
0.090606
0.0923026
0.0919327
0.105432
0.0426978
0.0185261
0.00807114
0.00625447
0.00759785
0.0118341
0.0196191
0.0310998
0.045429
0.0593314
0.0707874
0.0791155
0.0850241
0.0893159
0.0923806
0.0942526
0.0958084
0.0986249
0.0826309
0.0422784
0.0165264
0.0189336
0.00835786
0.00668777
0.00832148
0.0131435
0.0218084
0.0342846
0.0487102
0.0612482
0.0715674
0.0794318
0.0850619
0.0892668
0.0929225
0.0962776
0.100022
0.106601
0.0895012
0.0269435
0.0207791
0.0194219
0.0088898
0.00796844
0.0106688
0.0172128
0.0282775
0.0429131
0.0578309
0.069822
0.0787705
0.0852324
0.0895751
0.0926119
0.0960297
0.100485
0.107211
0.121729
0.119676
0.0275428
0.0391906
0.0200498
0.0143187
0.0247551
0.0441805
0.0713125
0.102543
0.130838
0.150714
0.161991
0.167425
0.169877
0.169602
0.167321
0.164008
0.161849
0.165946
0.189207
0.234829
0.0854829
0.0977616
0.0267288
0.0610721
0.103243
0.157351
0.206573
0.243798
0.265932
0.274924
0.280677
0.283653
0.286049
0.28622
0.285574
0.283147
0.279792
0.275255
0.280341
0.336727
0.551058
0.0793269
0.578677
0.223113
0.126658
0.0878174
0.0692399
0.0602434
0.0538621
0.0506193
0.0503282
0.0501433
0.0482686
0.0473486
0.0499236
0.0514563
0.0528606
0.057581
0.0656055
0.0947063
0.272611
0.361404
0.611557
0.200621
0.0841575
0.0448048
0.0287659
0.0216781
0.0182232
0.0166584
0.0158996
0.0155712
0.0158303
0.0160705
0.0155408
0.0145485
0.0139702
0.0138698
0.0135579
0.012679
0.0126514
0.0157166
0.0200587
0.00967085
0.0081001
0.010088
0.0149721
0.0227585
0.0323011
0.0417888
0.0489029
0.0536343
0.0569366
0.0579767
0.0557142
0.0517903
0.0490168
0.0475519
0.0460482
0.0468041
0.0726971
0.0723861
0.0187449
0.00830475
0.0065262
0.00777461
0.0117438
0.0190426
0.0298263
0.0438327
0.0581207
0.0693487
0.0770856
0.081844
0.083531
0.0828113
0.0813276
0.0799316
0.0794365
0.081992
0.110258
0.0726637
0.0184955
0.00802584
0.00627936
0.00738894
0.0112713
0.01863
0.0297724
0.0436598
0.0578155
0.0697031
0.0782101
0.0840642
0.0877807
0.0896703
0.0902205
0.0904337
0.0921238
0.0917405
0.104759
0.04207
0.0184728
0.00802748
0.00622922
0.00755465
0.0117757
0.019559
0.0310926
0.0455496
0.0596762
0.0713157
0.0796798
0.0855014
0.0896536
0.0925961
0.0943796
0.0958814
0.0986654
0.0822675
0.0415723
0.0164883
0.0188299
0.00826772
0.0065945
0.00818751
0.0129507
0.0215509
0.0340412
0.0486518
0.0613027
0.0717206
0.0796272
0.0852557
0.089375
0.0929741
0.096322
0.100075
0.10657
0.0880394
0.0267308
0.0207619
0.0193102
0.0087877
0.00783486
0.0104806
0.0169426
0.027918
0.0425353
0.0575668
0.069734
0.0788072
0.0852824
0.0895521
0.0925093
0.0958917
0.100379
0.107177
0.121713
0.118557
0.0274461
0.0392169
0.0199605
0.0142305
0.0245988
0.0439369
0.070893
0.102026
0.13042
0.15056
0.16215
0.167752
0.170051
0.169493
0.167028
0.163646
0.161563
0.165778
0.189151
0.234741
0.0852604
0.0977237
0.0266736
0.0610577
0.103109
0.156894
0.205856
0.243123
0.265528
0.274743
0.280342
0.282997
0.28497
0.284831
0.284711
0.282669
0.279521
0.275104
0.280239
0.336621
0.549302
0.0793072
0.57928
0.223291
0.12639
0.0873795
0.0687885
0.0598131
0.0533514
0.0499081
0.0495808
0.0494818
0.0477387
0.0468967
0.0495848
0.0511844
0.0525945
0.0572798
0.0652877
0.0943811
0.271963
0.361186
0.612271
0.200302
0.0839428
0.0447119
0.0287322
0.0216608
0.0182053
0.0166078
0.0158246
0.0154869
0.0157274
0.0159699
0.0154694
0.0144735
0.0138399
0.0136618
0.0133398
0.0125553
0.0126211
0.0157613
0.020074
0.00968283
0.00811741
0.010105
0.0150212
0.0228633
0.032483
0.0418496
0.0488364
0.0534425
0.0566625
0.0577268
0.0555343
0.0516496
0.0486223
0.0469771
0.0455135
0.0464966
0.0723179
0.072701
0.0188237
0.00836472
0.00658523
0.00783505
0.0118602
0.0192586
0.0301728
0.0440849
0.0582096
0.0692452
0.0768596
0.0816255
0.0833871
0.0826977
0.0811131
0.0796201
0.0791946
0.0820477
0.110613
0.07366
0.0185403
0.00806082
0.00632795
0.00745102
0.0113782
0.0188253
0.0300966
0.0440779
0.0581591
0.0699156
0.0783447
0.0841304
0.0878139
0.0897007
0.0902299
0.0904242
0.0921866
0.0921258
0.105553
0.042989
0.018459
0.00801313
0.00622738
0.00754743
0.0117828
0.019618
0.0311844
0.0456847
0.0598866
0.0715549
0.0798853
0.0856456
0.0897402
0.0926631
0.0944546
0.0959621
0.0987864
0.0825579
0.0415879
0.0164221
0.0187855
0.00822428
0.00654444
0.00812335
0.0128793
0.0214978
0.0340174
0.0487308
0.0615082
0.0719546
0.0798577
0.0854754
0.089545
0.0931115
0.0964472
0.100169
0.106518
0.086833
0.0268558
0.0209076
0.0192745
0.00874974
0.0077823
0.0104133
0.0168614
0.027827
0.0424548
0.0575275
0.0697557
0.0788682
0.0853528
0.089632
0.0926211
0.0960353
0.100532
0.1073
0.121639
0.117019
0.0275768
0.0394202
0.0199523
0.0142353
0.0246571
0.0440535
0.0709946
0.102027
0.130369
0.150477
0.162089
0.167665
0.169789
0.16906
0.166589
0.16333
0.161392
0.165713
0.189079
0.234513
0.0849881
0.0977016
0.026623
0.061041
0.103141
0.156808
0.205646
0.242865
0.265156
0.274013
0.279228
0.28152
0.283223
0.283156
0.283591
0.282154
0.279384
0.275051
0.28013
0.336488
0.545582
0.0792961
0.57966
0.223227
0.125982
0.0868063
0.0681367
0.0591371
0.0525663
0.048577
0.0479153
0.0478743
0.0463883
0.0457916
0.048667
0.0503998
0.0518794
0.0566113
0.0646886
0.0938512
0.270948
0.361091
0.612761
0.19989
0.0836335
0.0445206
0.028605
0.0215602
0.0181453
0.0165542
0.0157821
0.0154742
0.0157111
0.0159477
0.0154761
0.0144945
0.0138302
0.0136157
0.0133333
0.0126597
0.0128278
0.0160964
0.0201212
0.00971745
0.00815272
0.010136
0.0150913
0.0230001
0.0327138
0.0420783
0.0491002
0.053759
0.0570036
0.0581166
0.0560179
0.0521286
0.0489267
0.0471739
0.045842
0.046844
0.0725907
0.0733964
0.0188577
0.00838293
0.00662017
0.00788959
0.011947
0.019416
0.0304395
0.0443386
0.0584214
0.0693347
0.0767588
0.0814411
0.0832979
0.082754
0.0812265
0.0797722
0.0794971
0.0824577
0.110901
0.0753796
0.018533
0.00804546
0.00633726
0.00746205
0.0114116
0.0189256
0.0303151
0.044415
0.0585351
0.0701241
0.0783215
0.0838678
0.0874366
0.0893603
0.0900054
0.0903051
0.0922787
0.0928819
0.107336
0.0453088
0.0184277
0.00797896
0.00620892
0.00752672
0.0117834
0.0196837
0.0313596
0.0458794
0.0600724
0.0716498
0.0798563
0.0855005
0.0895187
0.0924342
0.0942713
0.0958238
0.098769
0.0833458
0.0422289
0.0164135
0.0187612
0.00819774
0.00652266
0.00809048
0.0128417
0.0214643
0.0341925
0.0490819
0.062008
0.0724096
0.0803155
0.0859253
0.0899643
0.0934707
0.0967115
0.100295
0.106411
0.0859164
0.0273603
0.0212307
0.0192644
0.00873646
0.00773945
0.0103282
0.0166966
0.0275422
0.0423228
0.0575862
0.0697418
0.0788509
0.0854064
0.0898751
0.0930479
0.0965603
0.101032
0.107656
0.121638
0.114986
0.0277728
0.0396331
0.0199624
0.0142407
0.0246327
0.0438953
0.0707793
0.10186
0.130388
0.150493
0.161975
0.167299
0.169167
0.168468
0.166238
0.163221
0.161362
0.165707
0.189105
0.234463
0.0844527
0.0976326
0.0265774
0.0609879
0.103169
0.156631
0.205317
0.242418
0.264422
0.272575
0.278062
0.280447
0.281895
0.282015
0.28275
0.281649
0.278932
0.274443
0.279543
0.336032
0.538448
0.0792074
0.579725
0.222711
0.125205
0.0857989
0.0669814
0.0579868
0.0516445
0.0472153
0.0457495
0.0455835
0.0440547
0.0434767
0.0465866
0.0484547
0.0500255
0.0548947
0.0631981
0.0925141
0.268281
0.360247
0.61221
0.199317
0.0832653
0.0442789
0.0284522
0.0214365
0.018104
0.0165656
0.0158488
0.0156182
0.0158818
0.0161243
0.0157042
0.0147821
0.0141199
0.013931
0.0137264
0.0131322
0.0133535
0.0166346
0.020161
0.00974182
0.00819799
0.0102164
0.015231
0.0232243
0.033011
0.0424722
0.049617
0.0544385
0.0577739
0.0590007
0.0571152
0.0532629
0.0500988
0.0483454
0.0471447
0.0478725
0.0729063
0.0702804
0.0188424
0.00835562
0.00660379
0.0078726
0.011962
0.0195121
0.0306699
0.0446039
0.0587131
0.069574
0.0768119
0.081348
0.0832851
0.0829648
0.0816715
0.0804865
0.0803657
0.0827248
0.107976
0.068386
0.0184928
0.00799699
0.00628466
0.00741993
0.011415
0.0190467
0.0306301
0.044906
0.0590703
0.0705175
0.0784184
0.0836143
0.0869575
0.0888773
0.0896629
0.0901585
0.09235
0.092692
0.104133
0.0418172
0.0183902
0.00794139
0.00616658
0.0075018
0.0118039
0.0197938
0.0316582
0.0463415
0.0605448
0.0719941
0.080077
0.0855865
0.0894543
0.0922688
0.0940869
0.0956864
0.0987629
0.0834708
0.0420465
0.0165908
0.0187369
0.00817714
0.00651211
0.00805898
0.0127738
0.0213219
0.0343896
0.0494931
0.0624808
0.0727947
0.080718
0.086427
0.0905112
0.0939515
0.0970531
0.10051
0.106503
0.0848573
0.0275726
0.0214626
0.0192158
0.00869443
0.00764309
0.0101375
0.016319
0.0268878
0.0419103
0.0572772
0.069313
0.0784163
0.0851064
0.0898961
0.0933499
0.0969751
0.101414
0.107984
0.121894
0.112857
0.0276604
0.039768
0.0199167
0.014168
0.0244299
0.0434458
0.0701643
0.101349
0.130366
0.1507
0.162096
0.167168
0.168788
0.168303
0.166373
0.163383
0.161355
0.165674
0.189308
0.234836
0.0836706
0.0977866
0.0265305
0.0608698
0.102928
0.156085
0.204812
0.241928
0.263855
0.272998
0.279982
0.283646
0.284583
0.284581
0.284991
0.282949
0.279028
0.273782
0.278773
0.335094
0.525692
0.0790085
0.579604
0.221651
0.12413
0.0849827
0.0663433
0.0573399
0.0514335
0.0477515
0.0465102
0.0464204
0.0450912
0.0445592
0.0473053
0.048856
0.0502615
0.0551151
0.0634323
0.0925718
0.265205
0.359287
0.610616
0.198311
0.0827934
0.0440621
0.0284218
0.02146
0.0182081
0.0167279
0.0160721
0.0159243
0.0162109
0.0164518
0.0160966
0.0152824
0.0146912
0.0145501
0.0144171
0.0138722
0.0140005
0.0169428
0.0201666
0.00973589
0.00824658
0.0103669
0.0154581
0.02353
0.0333333
0.0428473
0.0500597
0.0549628
0.0582898
0.059547
0.0579006
0.0543532
0.0513365
0.0496335
0.0485015
0.0490581
0.071726
0.0571735
0.0188254
0.00832667
0.00656104
0.00784649
0.0120016
0.0196889
0.0310489
0.0451031
0.0592486
0.0700592
0.0770891
0.0814246
0.0832879
0.0831038
0.0820247
0.0810193
0.0809378
0.0818928
0.0974265
0.0424758
0.0184969
0.00799122
0.00623943
0.00741417
0.0114889
0.0192747
0.0310696
0.0454797
0.0596294
0.0709845
0.0787949
0.0838559
0.0870313
0.0888741
0.0897247
0.0903672
0.092507
0.0898454
0.087269
0.0302771
0.0184071
0.00795749
0.00616759
0.00751662
0.0118367
0.0198361
0.0320312
0.0469407
0.0610774
0.0723244
0.0804153
0.0859832
0.0897946
0.0925051
0.0942991
0.0960303
0.0993126
0.0834492
0.0413337
0.0170618
0.0187446
0.00818405
0.00652866
0.00803667
0.0126682
0.0210565
0.0341546
0.0490882
0.0617685
0.0719302
0.0799693
0.0859734
0.0902651
0.0937383
0.0968568
0.100526
0.106891
0.083501
0.0271618
0.0215008
0.0191629
0.00864757
0.00755765
0.00998456
0.0160323
0.0264324
0.0414
0.056567
0.0686344
0.0777504
0.084497
0.0894571
0.0930732
0.0967299
0.101172
0.107945
0.122353
0.112337
0.0280438
0.0407659
0.0198797
0.0141344
0.0244227
0.0435569
0.0704001
0.101659
0.130923
0.151005
0.161807
0.166204
0.16769
0.167685
0.166065
0.162878
0.160685
0.165189
0.189046
0.23495
0.083609
0.0989137
0.0265229
0.0608532
0.102949
0.15623
0.2051
0.242065
0.263423
0.271195
0.277915
0.281897
0.283874
0.284426
0.284132
0.281121
0.27669
0.271599
0.276804
0.332941
0.508124
0.0787311
0.578732
0.220189
0.123537
0.0848268
0.0655718
0.0557232
0.0495229
0.0461356
0.0454612
0.0458839
0.0448726
0.0445491
0.0469662
0.0483262
0.0499097
0.054982
0.0631305
0.0913647
0.257846
0.356571
0.609602
0.196951
0.0821732
0.0438111
0.0284437
0.0215526
0.018333
0.0168399
0.0161719
0.0160194
0.0162235
0.0163608
0.0160081
0.0152981
0.0148007
0.0147055
0.0145661
0.0138634
0.0136713
0.0164357
0.0202104
0.00974692
0.00830612
0.0105141
0.0156442
0.0236735
0.0333095
0.0425195
0.0494346
0.0539991
0.0568415
0.05768
0.0560386
0.0528595
0.0501684
0.0485971
0.0474049
0.0479309
0.0725017
0.0601713
0.0189035
0.00836581
0.00659122
0.00792885
0.01217
0.0199556
0.0314097
0.045696
0.0597935
0.0703649
0.0769692
0.080657
0.0819895
0.08162
0.0805226
0.0794551
0.0792454
0.080677
0.10117
0.0475078
0.0186353
0.00810156
0.00627208
0.00749561
0.0116208
0.0194045
0.0310494
0.0451388
0.0593108
0.0705703
0.0783109
0.0834852
0.0866617
0.0884216
0.0892621
0.0899508
0.0919495
0.0898794
0.0927361
0.0323734
0.0185382
0.0080676
0.00623506
0.00758102
0.0118543
0.0196805
0.0316948
0.0461243
0.0595102
0.0701909
0.0783533
0.0842891
0.0883051
0.091076
0.0930572
0.0952278
0.0992761
0.0860435
0.0469461
0.0205796
0.0188358
0.00826379
0.00655841
0.00810461
0.0127817
0.0212055
0.033738
0.0478697
0.0602408
0.0703885
0.0783148
0.0841483
0.0883078
0.0917075
0.0950606
0.099385
0.106925
0.0848894
0.0300435
0.0234414
0.0192383
0.0087564
0.00774054
0.0103562
0.0166473
0.0272879
0.0425184
0.0577104
0.0693516
0.0781873
0.0847291
0.0898354
0.0933866
0.0969111
0.101346
0.108269
0.123279
0.116031
0.0317338
0.0448323
0.02003
0.014585
0.0255539
0.0455167
0.0735183
0.105423
0.134398
0.153571
0.16366
0.167602
0.169246
0.169731
0.168051
0.164477
0.162087
0.166528
0.190415
0.237955
0.0881649
0.103368
0.0267235
0.0619315
0.105267
0.159752
0.208982
0.244467
0.26382
0.271028
0.278046
0.282408
0.285301
0.286006
0.285145
0.28143
0.277124
0.272421
0.277859
0.335141
0.50228
0.0799046
0.57685
0.219344
0.122994
0.0843854
0.0655137
0.0544925
0.0468242
0.0425081
0.0419013
0.0428205
0.042128
0.0412485
0.0432488
0.0452546
0.048112
0.0537076
0.0614263
0.0887732
0.250981
0.356088
0.609946
0.195502
0.0815238
0.0434832
0.0282007
0.0212624
0.0179757
0.0163776
0.0156039
0.0153131
0.015287
0.0151734
0.0146903
0.0140071
0.013553
0.013408
0.0131069
0.012136
0.0117464
0.0150602
0.0218247
0.0106845
0.00908019
0.0111248
0.0159607
0.0230474
0.031015
0.0377657
0.0425994
0.0454316
0.0466059
0.046192
0.0445965
0.04259
0.0407047
0.0391587
0.0379125
0.0386372
0.0649442
0.0791281
0.0204989
0.00924718
0.00729539
0.00858822
0.0125736
0.0194592
0.0293938
0.0411759
0.0519048
0.0590234
0.0627656
0.064347
0.0647498
0.0645842
0.064054
0.0628331
0.0616922
0.0639243
0.103544
0.12358
0.0202736
0.00899871
0.00700227
0.00820937
0.0119355
0.0185558
0.0277165
0.0382521
0.0474757
0.0537146
0.0578877
0.0613332
0.0639578
0.0658491
0.0669464
0.0676645
0.0697036
0.0736748
0.118336
0.0931679
0.0201546
0.00886669
0.00687005
0.00813216
0.0122506
0.0193747
0.029045
0.0394036
0.0481857
0.0548479
0.0600756
0.0639755
0.066658
0.0688071
0.070948
0.0738096
0.0798986
0.082609
0.0788909
0.0424327
0.0204263
0.00908429
0.00723313
0.0089343
0.0136407
0.0213738
0.0323396
0.042899
0.0500765
0.0554593
0.0609063
0.0654176
0.0682503
0.0708436
0.0745955
0.0808836
0.0918029
0.0860744
0.048053
0.0364099
0.0208897
0.00973456
0.00865037
0.0113359
0.0175756
0.0270646
0.0389747
0.0494594
0.0574646
0.0637051
0.0683716
0.0722124
0.0747931
0.0785318
0.0841303
0.0927741
0.111462
0.11822
0.0423214
0.0562777
0.0217272
0.0162635
0.0284261
0.0493215
0.0766043
0.105578
0.1299
0.145416
0.154793
0.160045
0.161546
0.159847
0.157299
0.155932
0.154898
0.159828
0.187129
0.245077
0.11067
0.123269
0.0290586
0.076199
0.131827
0.192414
0.241536
0.273377
0.289654
0.294418
0.296425
0.29933
0.302424
0.303448
0.303468
0.302037
0.298025
0.294328
0.307626
0.373511
0.60503
0.108996
0.576299
0.227573
0.139065
0.102196
0.0832496
0.0710135
0.0629237
0.058958
0.0590803
0.0593923
0.0571162
0.0550084
0.0570072
0.0600051
0.0628171
0.0667076
0.0742052
0.108096
0.306268
0.442472
0.646935
0.228669
0.101334
0.0548703
0.0343385
0.0244806
0.019704
0.0173489
0.0161869
0.0156126
0.0152501
0.0148236
0.0141925
0.0135108
0.0130915
0.012843
0.0121382
0.0107839
0.00992819
0.0131473
0.585295
0.19318
0.0838251
0.0441136
0.0278464
0.0209914
0.0181799
0.0171982
0.0169907
0.01696
0.0167685
0.016254
0.0155031
0.0149786
0.0148757
0.0145531
0.0135134
0.012602
0.015342
0.0467319
0.573719
0.192294
0.0860779
0.0457153
0.0291195
0.022048
0.0191499
0.0181311
0.0177906
0.0175332
0.0171678
0.0166828
0.0161759
0.0159421
0.0158636
0.0154376
0.015
0.0158165
0.0286781
0.287318
0.578754
0.199884
0.0885353
0.0454327
0.0273242
0.019933
0.0170303
0.0158629
0.0151595
0.0145303
0.0140838
0.01389
0.0138836
0.0140227
0.0139487
0.0136054
0.0136287
0.015097
0.0467607
0.297764
0.582454
0.193057
0.0801697
0.0408366
0.0258595
0.0202238
0.0182828
0.017538
0.0168142
0.0160329
0.015673
0.0157805
0.0160358
0.0161668
0.0157554
0.0153005
0.0154157
0.0183004
0.0999874
0.623373
0.567753
0.181179
0.0774369
0.0406397
0.0259202
0.0198599
0.0173534
0.0158977
0.0146268
0.0138782
0.0140105
0.0145964
0.0149666
0.0149387
0.0146213
0.014698
0.0150858
0.0208453
0.138984
0.735414
0.558732
0.176342
0.0735431
0.0389841
0.0267239
0.0221464
0.0200673
0.0182998
0.0166424
0.01607
0.0167334
0.0173901
0.0171186
0.0166932
0.0168492
0.0177307
0.0183082
0.0241119
0.15712
0.783249
0.558339
0.183562
0.0782203
0.0423486
0.0299071
0.0254784
0.0232652
0.0210644
0.0194119
0.0194749
0.0205507
0.0204776
0.0191911
0.0192242
0.0205274
0.021687
0.0223664
0.0282804
0.126206
0.830591
0.594514
0.204168
0.0978802
0.0609375
0.0476186
0.0420942
0.0384304
0.0353202
0.0340131
0.0348714
0.0351299
0.0331633
0.0311847
0.0320422
0.0325663
0.0310894
0.0308026
0.0418037
0.0747532
0.835896
0.615916
0.211162
0.103101
0.0632734
0.0455931
0.0358868
0.0297251
0.0264916
0.0258254
0.0258674
0.0245266
0.0228786
0.0240945
0.0255725
0.0246156
0.0251608
0.0273982
0.0324367
0.0529912
0.233904
)
;

boundaryField
{
    floor
    {
        type            nutkWallFunction;
        Cmu             0.09;
        kappa           0.41;
        E               9.8;
        value           nonuniform List<scalar> 
400
(
0.0036664
0.00362628
0.00363232
0.00363264
0.00363677
0.00363511
0.00363793
0.00363616
0.00363659
0.0036371
0.00363766
0.00363766
0.00363634
0.00363731
0.00363798
0.00363723
0.00363505
0.00363367
0.00363414
0.00368353
0.00284164
0.00279331
0.00280767
0.00281435
0.00281837
0.0028195
0.0028197
0.00281637
0.002814
0.00281228
0.00281409
0.002817
0.00281681
0.00281579
0.00281446
0.00281261
0.00280936
0.00280493
0.0028002
0.00290248
0.0023304
0.00228067
0.00229434
0.00230371
0.00230881
0.00231167
0.00231124
0.00230801
0.00230571
0.00230481
0.00230676
0.00230926
0.00230909
0.00230774
0.00230579
0.00230347
0.00230047
0.00229652
0.00229236
0.00240927
0.00203486
0.00197805
0.00198595
0.00199318
0.00199823
0.0020009
0.00200027
0.0019976
0.00199722
0.00199823
0.00199921
0.00199978
0.00199926
0.00199832
0.00199636
0.00199388
0.00199164
0.00198905
0.00198564
0.00209401
0.00184565
0.0017924
0.0017975
0.00180283
0.0018063
0.00180614
0.00180455
0.00180404
0.00180724
0.0018099
0.00180935
0.00180775
0.00180683
0.00180635
0.00180452
0.00180231
0.00180187
0.00180219
0.00179866
0.00188139
0.00172985
0.0016878
0.00169165
0.00169356
0.00169439
0.00169118
0.00168962
0.00169151
0.00169748
0.00170117
0.00169904
0.0016954
0.00169384
0.00169353
0.00169173
0.00168951
0.00168993
0.0016916
0.00168637
0.0017415
0.00165545
0.00163626
0.00163277
0.00163064
0.00162914
0.00162485
0.00162413
0.00162782
0.00163549
0.00163965
0.00163608
0.00163052
0.00162804
0.00162768
0.00162645
0.00162561
0.00162773
0.00163028
0.00162297
0.00165733
0.00162355
0.00160984
0.00160286
0.00159847
0.00159688
0.00159318
0.00159321
0.00159755
0.00160573
0.0016101
0.00160556
0.00159864
0.00159503
0.00159392
0.00159275
0.001593
0.00159655
0.00159898
0.00158885
0.00160988
0.00160553
0.00159195
0.00158465
0.00158096
0.00158078
0.00157767
0.00157772
0.00158214
0.00159067
0.0015954
0.00159046
0.00158265
0.00157815
0.00157645
0.00157549
0.001577
0.00158205
0.00158428
0.00157141
0.00158461
0.00158384
0.00158482
0.00157509
0.00157342
0.00157408
0.00157057
0.00157002
0.00157444
0.00158364
0.00158908
0.00158406
0.00157569
0.00157066
0.00156871
0.00156842
0.00157174
0.00157871
0.00158086
0.00156468
0.00157161
0.00157884
0.0015918
0.0015806
0.00157963
0.00157969
0.00157518
0.00157414
0.0015789
0.00158902
0.00159544
0.00159058
0.0015819
0.00157658
0.00157424
0.00157387
0.00157775
0.00158515
0.00158543
0.00156407
0.00156321
0.00158733
0.00159562
0.00158596
0.00158402
0.0015828
0.00157739
0.00157629
0.00158169
0.00159282
0.00160037
0.00159579
0.00158704
0.00158201
0.00157974
0.00157924
0.00158321
0.00159049
0.00158848
0.00156141
0.00155312
0.00158435
0.00158201
0.00157477
0.00157135
0.00156907
0.00156294
0.00156192
0.00156783
0.00157962
0.00158822
0.00158367
0.00157461
0.00156996
0.00156831
0.00156846
0.00157371
0.00158259
0.00158061
0.00154993
0.00153779
0.00156414
0.00156002
0.0015536
0.00154935
0.00154692
0.00154072
0.00153979
0.00154568
0.00155758
0.00156687
0.00156191
0.00155175
0.0015465
0.00154468
0.00154519
0.00155213
0.00156396
0.00156433
0.00153318
0.00152062
0.00154371
0.0015469
0.00153973
0.00153549
0.00153397
0.00152765
0.00152715
0.00153367
0.00154596
0.00155586
0.00155054
0.00153908
0.00153226
0.00152899
0.00152874
0.00153599
0.00154995
0.00155258
0.0015217
0.00150972
0.00153356
0.00154454
0.00153621
0.00153092
0.00153037
0.00152289
0.00152319
0.00153092
0.0015445
0.00155527
0.00155014
0.00153814
0.00152974
0.00152447
0.0015233
0.00153128
0.00154654
0.00155029
0.00151797
0.00150314
0.00152997
0.00154016
0.00153089
0.00152143
0.00152038
0.00151098
0.00151159
0.0015194
0.00153458
0.00154607
0.0015417
0.00153045
0.00152182
0.0015162
0.00151604
0.00152612
0.0015433
0.00154693
0.00151013
0.00148391
0.0015223
0.00152564
0.00151725
0.00150325
0.00149867
0.00148893
0.00148806
0.00149359
0.00150696
0.00151715
0.00151367
0.00150519
0.00149873
0.00149539
0.00149822
0.00151079
0.0015298
0.00152958
0.00148385
0.00144441
0.001524
0.00154493
0.00152883
0.00151225
0.00150206
0.00149366
0.00149086
0.00149437
0.00150416
0.00151079
0.00150786
0.00150219
0.00149799
0.00149717
0.00150273
0.00151656
0.00153302
0.00152472
0.00147285
0.00141743
0.00163018
0.00163272
0.00160434
0.00158743
0.00157747
0.00157285
0.00157026
0.00157363
0.00158042
0.00158356
0.00158107
0.00157684
0.00157399
0.00157501
0.00158259
0.00159451
0.0016012
0.00159014
0.00155875
0.00151119
)
;
    }
    ceiling
    {
        type            nutkWallFunction;
        Cmu             0.09;
        kappa           0.41;
        E               9.8;
        value           nonuniform List<scalar> 
400
(
0.00354935
0.00348639
0.0034822
0.00349284
0.00349154
0.00349254
0.00349377
0.0034932
0.00349351
0.00349389
0.00349401
0.00349446
0.0034953
0.00349582
0.00349591
0.00349575
0.00349454
0.00349192
0.00349116
0.00354489
0.00273165
0.00281471
0.00279615
0.00279719
0.00279852
0.00280395
0.00280718
0.00280769
0.00280732
0.0028072
0.00280743
0.00280774
0.00280826
0.00280807
0.00280658
0.00280351
0.00279926
0.00279679
0.00282052
0.00277251
0.0021966
0.00247118
0.00246095
0.00244856
0.00245142
0.00246073
0.00246492
0.00246695
0.00246596
0.00246587
0.00246639
0.00246587
0.00246467
0.00246285
0.00245936
0.00245451
0.00245181
0.00244934
0.00251927
0.00235228
0.00194168
0.00229752
0.00227314
0.00224086
0.00225301
0.00226086
0.00226399
0.00226772
0.00226722
0.00226793
0.00226877
0.00226737
0.00226478
0.00226137
0.00225533
0.00225039
0.00224945
0.00224676
0.00234753
0.00210338
0.00181913
0.00218188
0.0021533
0.00211693
0.002133
0.00213691
0.00213934
0.00214527
0.00214556
0.00214727
0.00214884
0.00214723
0.00214402
0.00213935
0.00213099
0.00212632
0.00212063
0.0021202
0.0022398
0.00195135
0.00176333
0.00212026
0.00209041
0.00205121
0.00206654
0.00206683
0.00206889
0.00207636
0.00207689
0.00207912
0.00208138
0.00207987
0.00207646
0.00207107
0.00206177
0.00205648
0.00204306
0.00203264
0.00215971
0.00184733
0.00172776
0.00207205
0.00204574
0.00199567
0.00201503
0.00201323
0.00201552
0.00202423
0.0020246
0.00202673
0.00202915
0.00202723
0.00202282
0.00201596
0.00200782
0.00200594
0.00198863
0.00196328
0.00210071
0.00176941
0.00170521
0.00204451
0.00201568
0.00195696
0.00198323
0.00197822
0.00198294
0.0019943
0.00199563
0.00199828
0.00200103
0.00199862
0.00199216
0.00197987
0.00196703
0.00197212
0.00195664
0.00192031
0.00206963
0.00172341
0.00168962
0.00203168
0.00200164
0.00194026
0.00197221
0.00196685
0.001974
0.00198759
0.00199124
0.00199522
0.00199832
0.00199598
0.00198916
0.00197366
0.00195288
0.00196026
0.00195006
0.001914
0.00207061
0.0017134
0.00167963
0.00202653
0.00199596
0.0019369
0.00196755
0.00196421
0.0019702
0.00198301
0.00198761
0.00199235
0.00199607
0.0019943
0.00198825
0.00197328
0.00195125
0.0019594
0.00195419
0.00192353
0.00207311
0.00171404
0.00167577
0.00202656
0.00199219
0.00193439
0.0019602
0.00195541
0.0019585
0.00196864
0.00197189
0.0019757
0.00197879
0.00197698
0.001972
0.00195909
0.00193608
0.00194641
0.00194425
0.00191636
0.00205464
0.0016933
0.00167478
0.00202597
0.0019893
0.0019312
0.00195777
0.00195169
0.001955
0.00196463
0.0019674
0.00196995
0.00197136
0.0019683
0.00196398
0.00195329
0.00193024
0.00194113
0.00194103
0.00190713
0.00203703
0.00166658
0.00167235
0.00203074
0.0019959
0.00194405
0.00197224
0.00197224
0.00197762
0.00198785
0.00199141
0.00199348
0.00199433
0.0019923
0.0019892
0.00198071
0.001961
0.00196788
0.00196465
0.00192792
0.00205375
0.00168643
0.00167159
0.00205271
0.00201279
0.00196927
0.00198741
0.00198874
0.00199236
0.00200064
0.00200402
0.00200604
0.0020071
0.00200614
0.00200371
0.00199663
0.00197873
0.00198247
0.00197752
0.00194802
0.00207799
0.00170955
0.00167941
0.00207725
0.00202664
0.0019897
0.00199843
0.00200185
0.0020057
0.00201209
0.00201523
0.00201754
0.00201918
0.00201854
0.00201621
0.0020099
0.00199323
0.00199538
0.00199217
0.00197552
0.00209989
0.0016947
0.00169112
0.00210056
0.0020445
0.0020251
0.00203304
0.00203916
0.00204556
0.00205125
0.00205442
0.00205715
0.00205936
0.00205846
0.00205599
0.00205047
0.00203607
0.00203794
0.00203681
0.0020259
0.00212899
0.00170321
0.00170274
0.0021583
0.00209452
0.00208608
0.00209547
0.00210111
0.00210807
0.00211332
0.00211663
0.00211967
0.00212203
0.00212088
0.00211852
0.00211406
0.0021028
0.00210458
0.00210229
0.00208915
0.00218156
0.00173672
0.00174026
0.00233301
0.00226422
0.00226675
0.00228043
0.00228867
0.00229552
0.0023
0.002303
0.00230585
0.00230789
0.00230695
0.00230513
0.00230216
0.0022946
0.00229493
0.00228804
0.002273
0.00237792
0.0018051
0.00188956
0.00295347
0.00284991
0.00287766
0.00290425
0.00292006
0.00292888
0.00293369
0.00293672
0.00293919
0.00294061
0.00293984
0.00293823
0.00293571
0.00292906
0.00292132
0.00290251
0.0028846
0.00301944
0.00201968
0.00274356
0.00322638
0.00310111
0.00311269
0.00312418
0.00313006
0.00313293
0.00313439
0.00313537
0.00313627
0.00313676
0.00313638
0.00313594
0.00313576
0.00313407
0.00313215
0.0031267
0.00312573
0.00328556
0.00283833
)
;
    }
    fixedWalls
    {
        type            nutkWallFunction;
        Cmu             0.09;
        kappa           0.41;
        E               9.8;
        value           nonuniform List<scalar> 
400
(
0.00374755
0.00366502
0.0036584
0.00365429
0.0036482
0.00364858
0.00363197
0.00363277
0.0036944
0.00372758
0.00292152
0.00289584
0.00289064
0.00288728
0.00287571
0.00286221
0.00282823
0.00284903
0.0028325
0.00266145
0.00239931
0.00240732
0.00239827
0.0024002
0.00239014
0.00236328
0.00232753
0.00235954
0.00238146
0.00212639
0.00209581
0.00209513
0.00208323
0.00208752
0.00207783
0.00205466
0.00201792
0.00203638
0.00212101
0.0018779
0.00190128
0.0018942
0.00188246
0.00188607
0.00187463
0.00186428
0.00185348
0.00187386
0.00197498
0.00175899
0.00178217
0.00178349
0.00177025
0.0017716
0.0017574
0.00175202
0.00175414
0.00179349
0.00190386
0.00170491
0.00170565
0.00172795
0.00170671
0.00171082
0.00170199
0.00170308
0.00170663
0.00175225
0.00185931
0.00167043
0.00167283
0.00169631
0.00167919
0.00168266
0.00168017
0.00168901
0.00169115
0.00173522
0.0018264
0.00164859
0.00165429
0.00167977
0.00167156
0.0016677
0.00166377
0.00167193
0.00167032
0.00171585
0.00179812
0.00163347
0.00163197
0.00168212
0.00166822
0.00166448
0.00166285
0.00166901
0.00166164
0.0017051
0.00178033
0.00162379
0.00162682
0.00168995
0.00165943
0.00166101
0.00166341
0.00166893
0.00165932
0.00170161
0.00177272
0.00162006
0.00163557
0.00168374
0.0016483
0.00165457
0.0016585
0.00166478
0.00165814
0.00170152
0.00176975
0.00161909
0.0016325
0.00166365
0.00164157
0.00165231
0.00165722
0.00166533
0.00166293
0.00170487
0.00176664
0.00161675
0.0016117
0.00164483
0.00163723
0.00165163
0.00165878
0.00166991
0.00167184
0.00171098
0.00176307
0.00161601
0.00159068
0.0016366
0.00163217
0.00164678
0.0016564
0.00167149
0.00168003
0.00172169
0.00176606
0.00162358
0.00158024
0.00163463
0.00162409
0.00163539
0.00164689
0.00166682
0.00168602
0.0017428
0.00177785
0.00163493
0.00157657
0.00162746
0.00161045
0.00162053
0.00163726
0.00166485
0.00169682
0.00177709
0.00181955
0.00164615
0.00156882
0.00161222
0.0016102
0.00164945
0.00170994
0.00179509
0.00180375
0.00186025
0.0019133
0.0016821
0.00157167
0.00166212
0.00184687
0.00223534
0.0025959
0.00274274
0.002794
0.00267205
0.00220337
0.00182308
0.00168842
0.00209069
0.00322976
0.00371424
0.00393472
0.00404911
0.00411464
0.00411666
0.00391555
0.00261485
0.00376504
0.00367971
0.00366292
0.00367025
0.00367561
0.00365417
0.00364079
0.00364021
0.0036929
0.00372291
0.00298325
0.00291895
0.0029234
0.00295028
0.00292706
0.00288476
0.00286537
0.00287925
0.00287595
0.00270252
0.00247985
0.00242255
0.0024455
0.00246236
0.00240738
0.00238824
0.00235868
0.00237945
0.00243012
0.00227759
0.00215621
0.00209396
0.00211854
0.00211657
0.00206587
0.00206344
0.00204252
0.00207011
0.00218087
0.00203462
0.00193765
0.00188576
0.00191189
0.00188531
0.0018619
0.00186275
0.0018744
0.00191255
0.0020615
0.00188709
0.00179381
0.00176825
0.00179457
0.0017547
0.00176059
0.00175319
0.00179593
0.00184402
0.00200429
0.00178625
0.00170724
0.0017113
0.00173791
0.00169296
0.00172061
0.00170017
0.00175607
0.00180625
0.00196308
0.00171074
0.00165844
0.00168981
0.00171642
0.00166581
0.0017044
0.0016666
0.0017196
0.00176584
0.00192564
0.00166616
0.00163245
0.00168515
0.00170903
0.00164871
0.00168813
0.00163529
0.00168284
0.0017333
0.00190914
0.00165646
0.00161907
0.00168445
0.00170337
0.00163288
0.00166995
0.00161586
0.00166949
0.00173458
0.00192003
0.00165708
0.00161043
0.00168011
0.00169522
0.00162132
0.00166134
0.00161935
0.00168493
0.00175594
0.00192327
0.00163699
0.00160005
0.00166823
0.0016842
0.00161621
0.00166393
0.00163452
0.00169976
0.00175452
0.00189815
0.0016111
0.00158427
0.00165037
0.00167241
0.00161605
0.00167002
0.00164386
0.00169368
0.00172879
0.0018717
0.00163033
0.00156661
0.00163749
0.00166688
0.00161972
0.00167311
0.00164317
0.00168401
0.00172947
0.00188332
0.00165273
0.0015554
0.00163492
0.00166501
0.00161777
0.00166333
0.00163515
0.00168758
0.00175549
0.0018903
0.00163835
0.00154863
0.00162679
0.00165473
0.00160863
0.00165228
0.00163711
0.00170729
0.00177759
0.00187038
0.00164659
0.00152887
0.00159962
0.00164399
0.0016093
0.00165515
0.00164689
0.00171983
0.00179013
0.00186638
0.00167902
0.00148835
0.00157475
0.00166438
0.00164766
0.00172152
0.00177315
0.00183151
0.00188856
0.00200065
0.00174489
0.00146157
0.00164979
0.0019098
0.00213592
0.00253992
0.00273766
0.00281278
0.00265871
0.0022818
0.00194899
0.00156498
0.00215399
0.00328095
0.00331166
0.00392026
0.0040701
0.00412184
0.00413099
0.00394618
0.00270442
)
;
    }
    inlet
    {
        type            calculated;
        value           uniform 0.09;
    }
    outlet
    {
        type            calculated;
        value           nonuniform List<scalar> 
200
(
0.0183281
0.0410186
0.09
0.09
0.09
0.09
0.09
0.09
0.09
0.201719
0.0184538
0.0680985
0.0958126
0.0784116
0.09
0.09
0.09
0.09
0.09
0.4088
0.0170888
0.0581237
0.0467889
0.09
0.09
0.09
0.09
0.09
0.09
0.344029
0.0163132
0.0551003
0.0397388
0.09
0.09
0.09
0.09
0.09
0.09
0.349664
0.0158693
0.057731
0.0431381
0.09
0.09
0.09
0.09
0.09
0.09
0.355319
0.0156669
0.0703807
0.0672878
0.0372613
0.09
0.09
0.09
0.09
0.09
0.358243
0.0155538
0.0722036
0.0728112
0.0421969
0.09
0.09
0.09
0.09
0.09
0.359676
0.0157007
0.0728088
0.0739671
0.0433663
0.09
0.09
0.09
0.09
0.09
0.360406
0.0159999
0.0734792
0.0745074
0.0438159
0.09
0.09
0.09
0.09
0.09
0.3609
0.0161399
0.0737577
0.0746313
0.0438806
0.09
0.09
0.09
0.09
0.09
0.36135
0.0160286
0.0735413
0.0742582
0.0435523
0.09
0.09
0.09
0.09
0.09
0.361597
0.0158417
0.0728894
0.073306
0.0426978
0.09
0.09
0.09
0.09
0.09
0.361404
0.0157166
0.0723861
0.0726637
0.04207
0.09
0.09
0.09
0.09
0.09
0.361186
0.0157613
0.072701
0.07366
0.042989
0.09
0.09
0.09
0.09
0.09
0.361091
0.0160964
0.0733964
0.0753796
0.0453088
0.09
0.09
0.09
0.09
0.09
0.360247
0.0166346
0.0702804
0.068386
0.0418172
0.09
0.09
0.09
0.09
0.09
0.359287
0.0169428
0.0571735
0.0424758
0.09
0.09
0.09
0.09
0.09
0.09
0.356571
0.0164357
0.0601713
0.0475078
0.09
0.09
0.09
0.09
0.09
0.09
0.356088
0.0150602
0.0791281
0.12358
0.0931679
0.09
0.09
0.09
0.09
0.09
0.442472
0.0131473
0.0467319
0.09
0.09
0.09
0.09
0.09
0.09
0.09
0.233904
)
;
    }
}


// ************************************************************************* //
