/*--------------------------------*- C++ -*----------------------------------*\
  =========                 |
  \\      /  F ield         | OpenFOAM: The Open Source CFD Toolbox
   \\    /   O peration     | Website:  https://openfoam.org
    \\  /    A nd           | Version:  8
     \\/     M anipulation  |
\*---------------------------------------------------------------------------*/
FoamFile
{
    version     2.0;
    format      ascii;
    class       volScalarField;
    location    "0.005";
    object      p;
}
// * * * * * * * * * * * * * * * * * * * * * * * * * * * * * * * * * * * * * //

dimensions      [1 -1 -2 0 0 0 0];

internalField   nonuniform List<scalar> 
4000
(
100.313
92.1084
85.4791
78.3679
71.2707
64.1329
57.0125
49.8778
42.9938
36.448
30.1654
24.3679
19.2473
14.7147
10.629
7.01059
3.96825
1.53127
-0.29431
-1.4307
96.8471
87.2397
80.0575
72.7549
65.6263
58.4313
51.2261
44.1109
37.1785
30.4858
24.1907
18.4701
13.3193
8.64508
4.43468
0.792273
-2.16553
-4.41599
-5.7149
-5.41046
92.0242
82.0555
74.5761
67.1102
59.8851
52.6708
45.4818
38.3075
31.3009
24.6098
18.3372
12.4913
7.05989
2.11006
-2.25573
-5.92808
-8.81633
-10.8587
-11.4248
-9.26052
86.1981
76.0919
68.5204
61.0144
53.8121
46.628
39.4321
32.2748
25.2901
18.5171
12.0888
6.00931
0.261785
-5.01748
-9.6508
-13.4921
-16.4146
-18.2341
-17.858
-13.4627
79.652
69.5627
62.0398
54.6169
47.5099
40.4017
33.2043
26.0608
19.1142
12.253
5.633
-0.722782
-6.84867
-12.5833
-17.6874
-21.9444
-25.1196
-26.7945
-25.2794
-18.1263
72.4588
62.5039
55.1654
47.8938
40.8634
33.878
26.7598
19.6821
12.8136
5.91121
-0.903624
-7.59782
-14.2037
-20.5584
-26.3999
-31.4446
-35.299
-37.1984
-34.627
-23.9982
64.6536
54.84
47.7454
40.8023
33.9139
27.1323
20.2458
13.3457
6.57663
-0.351234
-7.37932
-14.4694
-21.6354
-28.759
-35.6393
-41.993
-47.3165
-50.4906
-47.7521
-32.7806
55.6738
46.2819
39.6305
33.409
26.9686
20.439
13.845
7.15854
0.43793
-6.55476
-13.813
-21.298
-29.0231
-36.9833
-45.1325
-53.3106
-61.1504
-67.5699
-67.6742
-50.2693
46.0038
38.797
32.8947
27.2945
21.4422
15.2664
9.00814
2.54761
-4.13922
-11.1926
-18.6206
-26.3837
-34.5218
-43.1636
-52.4331
-62.3967
-73.2133
-84.8517
-93.613
-85.5234
37.4591
33.6681
29.5773
24.3207
18.4549
12.2326
5.94327
-0.533491
-7.26849
-14.3618
-21.8395
-29.6822
-37.9547
-46.8404
-56.5168
-67.1617
-79.3405
-94.1902
-111.49
-130.039
101.326
92.5594
85.7025
78.5773
71.4946
64.3377
57.1392
50.0238
43.1445
36.5247
30.2219
24.4844
19.417
14.8821
10.7677
7.13949
4.11943
1.70618
-0.161959
-1.39359
97.7071
87.5888
80.2519
72.964
65.7595
58.5938
51.3722
44.1838
37.2198
30.5566
24.2968
18.579
13.4185
8.73941
4.5312
0.901586
-2.04532
-4.33316
-5.80297
-5.76055
92.7491
82.3414
74.6649
67.21
59.97
52.7631
45.5228
38.2942
31.2577
24.5942
18.344
12.4789
7.03447
2.09767
-2.24588
-5.89998
-8.8019
-10.9418
-11.8017
-10.0125
86.8639
76.3258
68.5797
61.1218
53.9021
46.6937
39.4847
32.3211
25.2708
18.5042
12.1118
6.02016
0.256167
-5.0095
-9.61326
-13.4343
-16.3865
-18.3311
-18.3174
-14.4528
80.2952
69.7813
62.1192
54.7603
47.6386
40.4117
33.1911
26.0999
19.0955
12.2378
5.66143
-0.70589
-6.8572
-12.5842
-17.6547
-21.8809
-25.0659
-26.8468
-25.7812
-19.4184
73.2087
62.8209
55.2853
47.9828
41.0389
33.9066
26.7394
19.7519
12.858
5.95953
-0.82496
-7.53775
-14.169
-20.5158
-26.3237
-31.3322
-35.1721
-37.1655
-35.1486
-25.495
65.4391
55.182
47.8881
40.7147
33.9307
27.0911
20.1546
13.3484
6.5909
-0.330017
-7.34559
-14.4477
-21.6135
-28.7141
-35.5526
-41.8376
-47.0692
-50.2394
-47.9568
-33.8802
56.4107
46.5922
39.9599
33.43
26.8541
20.303
13.643
6.99948
0.292295
-6.70375
-13.962
-21.4331
-29.1169
-37.0358
-45.1187
-53.1382
-60.7079
-66.8006
-66.7611
-49.5518
46.4293
38.0183
32.3729
26.7775
20.8284
14.6815
8.39598
1.95222
-4.72891
-11.7949
-19.2247
-26.9493
-35.0288
-43.6426
-52.8366
-62.5594
-72.9742
-83.9639
-91.5195
-80.8209
38.0409
33.4455
29.4313
24.4584
18.82
12.7555
6.54114
0.0990595
-6.62855
-13.7297
-21.1991
-28.9959
-37.2357
-46.1212
-55.6919
-66.0946
-77.9962
-92.179
-107.589
-119.835
101.685
92.8254
85.9151
78.768
71.6567
64.4783
57.2945
50.1693
43.2702
36.6431
30.3416
24.611
19.5513
15.0206
10.9072
7.28284
4.26579
1.83226
-0.0838935
-1.38213
97.9699
87.8547
80.4325
73.1088
65.9225
58.7246
51.4705
44.2443
37.2671
30.6096
24.3528
18.6397
13.4899
8.81943
4.61485
0.992065
-1.95499
-4.28406
-5.8425
-5.87632
92.9741
82.535
74.7922
67.3188
60.082
52.8307
45.5562
38.2786
31.2408
24.6017
18.3561
12.4888
7.05496
2.13247
-2.20317
-5.85837
-8.78546
-10.9954
-11.9662
-10.2571
87.0574
76.4976
68.7111
61.2416
54.007
46.7884
39.5802
32.3671
25.3173
18.5872
12.2038
6.10437
0.346647
-4.90171
-9.49
-13.313
-16.2996
-18.3267
-18.4476
-14.7392
80.506
69.9929
62.3074
54.9384
47.7142
40.487
33.2769
26.1399
19.1464
12.3341
5.76529
-0.617232
-6.76496
-12.4693
-17.5142
-21.7359
-24.9399
-26.7976
-25.9299
-19.8334
73.4531
63.0082
55.4301
48.21
41.1133
33.9976
26.8427
19.8183
12.9459
6.08942
-0.69829
-7.42846
-14.0462
-20.3573
-26.1249
-31.1061
-34.9207
-36.9701
-35.1942
-25.8912
65.7799
55.2765
47.9285
40.8609
33.9487
27.138
20.2146
13.3907
6.66544
-0.224894
-7.25281
-14.358
-21.4853
-28.5368
-35.3196
-41.5295
-46.6427
-49.7636
-47.6079
-33.9862
57.2108
46.8686
39.9901
33.3951
26.7197
20.2054
13.5647
6.9307
0.268139
-6.70753
-13.9753
-21.4188
-29.0379
-36.9038
-44.8989
-52.7332
-59.9987
-65.7772
-65.5447
-48.8097
47.7571
38.9267
32.7889
26.9728
20.8254
14.5951
8.24842
1.78637
-4.87048
-11.934
-19.3616
-27.0297
-35.0414
-43.6107
-52.656
-62.0487
-71.9985
-82.362
-89.0857
-78.0579
39.4311
34.309
29.6443
24.4843
18.7507
12.6504
6.41812
-0.00773574
-6.71419
-13.8157
-21.2662
-29.0077
-37.2039
-46.0271
-55.3968
-65.4662
-76.8282
-90.1892
-104.24
-115.201
101.897
93.0042
86.0737
78.9203
71.7948
64.6166
57.4332
50.2924
43.3666
36.7235
30.4284
24.7173
19.6745
15.1493
11.0336
7.41171
4.40372
1.96377
-0.000497423
-1.3591
98.1648
88.0127
80.575
73.2466
66.0451
58.8263
51.5315
44.2783
37.2958
30.6417
24.3935
18.6956
13.5617
8.89713
4.68887
1.06311
-1.88592
-4.22519
-5.83871
-5.91533
93.1649
82.684
74.9309
67.4454
60.1935
52.9248
45.6054
38.3098
31.2862
24.6598
18.4175
12.5592
7.14189
2.23076
-2.10314
-5.76958
-8.72937
-10.9817
-12.0145
-10.3303
87.249
76.6448
68.8537
61.3703
54.1567
46.9422
39.6916
32.4623
25.4354
18.7248
12.3421
6.2454
0.502635
-4.72983
-9.30939
-13.147
-16.1736
-18.2412
-18.4339
-14.7894
80.6858
70.1608
62.4547
55.01
47.8141
40.5826
33.3231
26.18
19.2252
12.4384
5.8643
-0.522007
-6.65222
-12.3296
-17.3506
-21.5759
-24.8011
-26.6839
-25.9267
-19.9358
73.6111
63.2244
55.5863
48.2673
41.2102
34.0755
26.8663
19.8506
13.0305
6.19705
-0.605815
-7.33891
-13.926
-20.1973
-25.9309
-30.9017
-34.7088
-36.7681
-35.1246
-25.968
65.7796
55.5896
48.1377
40.9959
34.1244
27.2623
20.2813
13.476
6.79983
-0.0845463
-7.13557
-14.227
-21.3011
-28.3075
-35.0529
-41.2235
-46.2736
-49.3418
-47.2682
-33.9061
56.9595
47.0015
39.9995
33.3875
26.7873
20.2389
13.5838
7.00285
0.390252
-6.59173
-13.874
-21.2716
-28.8197
-36.6485
-44.5881
-52.3141
-59.4348
-65.0494
-64.7761
-48.3754
47.6617
39.1074
32.9312
27.1223
20.9775
14.6933
8.34109
1.92216
-4.71116
-11.7908
-19.2116
-26.8107
-34.7592
-43.2976
-52.2356
-61.4574
-71.2336
-81.2287
-87.652
-77.036
39.734
34.7712
30.0558
24.8162
18.9874
12.8375
6.61787
0.222762
-6.47626
-13.5843
-21.0075
-28.6883
-36.8414
-45.6039
-54.8524
-64.8114
-75.918
-88.8612
-102.548
-113.751
101.989
93.1105
86.1821
79.0286
71.9109
64.741
57.5538
50.3928
43.446
36.7996
30.5195
24.8285
19.7991
15.2753
11.1518
7.52272
4.51199
2.06985
0.0850311
-1.32377
98.2659
88.1289
80.6966
73.368
66.157
58.9169
51.6037
44.3411
37.3557
30.7056
24.4693
18.7885
13.6692
9.00813
4.79483
1.16182
-1.80516
-4.16943
-5.81193
-5.91664
93.2796
82.8066
75.0451
67.5713
60.3129
53.0184
45.6846
38.3921
31.3751
24.7526
18.5174
12.6746
7.27437
2.36955
-1.96775
-5.65016
-8.65193
-10.9511
-12.0135
-10.3457
87.3447
76.7365
68.9417
61.518
54.3213
47.0769
39.806
32.5815
25.5677
18.8642
12.4858
6.40172
0.677762
-4.54065
-9.11191
-12.9632
-16.0388
-18.1519
-18.3727
-14.7701
80.7668
70.2131
62.4901
55.1057
47.9232
40.6487
33.3678
26.2414
19.3124
12.5344
5.95639
-0.423288
-6.53116
-12.1836
-17.1817
-21.408
-24.6664
-26.58
-25.8611
-19.9252
73.7374
63.2301
55.6033
48.3297
41.2687
34.0861
26.8662
19.887
13.1069
6.28019
-0.536043
-7.26066
-13.8118
-20.047
-25.7507
-30.7091
-34.528
-36.6111
-35.0183
-25.9451
66.0157
55.621
48.245
41.1204
34.1976
27.2768
20.2929
13.5312
6.89026
-0.00226828
-7.07271
-14.1383
-21.1552
-28.1233
-34.8347
-40.9547
-45.9632
-49.0266
-47.0217
-33.8315
57.1796
47.0113
40.1183
33.4899
26.8125
20.2187
13.5824
7.05475
0.469786
-6.531
-13.823
-21.1665
-28.646
-36.4457
-44.3193
-51.9014
-58.9082
-64.5121
-64.3481
-48.1743
47.6079
38.996
32.9542
27.1325
20.9292
14.6293
8.3076
1.93166
-4.69119
-11.7908
-19.2005
-26.7301
-34.623
-43.1274
-51.9238
-60.9275
-70.5929
-80.5209
-86.9634
-76.6532
39.5922
34.7241
30.0577
24.7968
18.9252
12.7648
6.56895
0.19917
-6.49916
-13.6134
-21.0079
-28.6342
-36.7474
-45.4233
-54.4942
-64.2679
-75.2275
-88.0691
-101.745
-113.271
102.055
93.1664
86.2496
79.112
72.0138
64.8561
57.6626
50.4846
43.5282
36.8878
30.6226
24.9455
19.9245
15.401
11.2712
7.63677
4.6229
2.17152
0.158639
-1.29475
98.338
88.2038
80.7776
73.4464
66.2375
59.0022
51.6889
44.4208
37.4318
30.7863
24.5614
18.8949
13.7865
9.12463
4.90211
1.26167
-1.71454
-4.09851
-5.77377
-5.90815
93.3746
82.8884
75.1356
67.6556
60.3966
53.1108
45.7834
38.489
31.4683
24.8487
18.6253
12.8004
7.41574
2.51404
-1.82769
-5.5196
-8.54967
-10.8953
-12.0036
-10.3578
87.3953
76.7771
69.0312
61.6239
54.4233
47.179
39.9087
32.6827
25.6705
18.9743
12.6075
6.53974
0.83193
-4.37889
-8.94504
-12.7988
-15.9011
-18.0569
-18.3243
-14.7624
80.7455
70.2016
62.5448
55.181
47.9826
40.6979
33.4171
26.2983
19.3816
12.6126
6.03777
-0.332194
-6.42154
-12.0586
-17.0423
-21.2613
-24.5306
-26.4697
-25.7964
-19.9089
73.7077
63.2231
55.6451
48.3859
41.3044
34.1126
26.9012
19.9461
13.1909
6.37032
-0.453645
-7.16803
-13.6875
-19.9004
-25.5958
-30.5517
-34.3729
-36.4719
-34.92
-25.9091
66.0746
55.7133
48.3452
41.218
34.2669
27.3421
20.3777
13.651
7.03544
0.136454
-6.94906
-13.9889
-20.9542
-27.9069
-34.6332
-40.7531
-45.7454
-48.8109
-46.8522
-33.7682
57.3795
47.2159
40.2684
33.6115
26.8992
20.3022
13.6918
7.20294
0.6361
-6.38221
-13.6825
-20.9749
-28.396
-36.2061
-44.1039
-51.65
-58.6046
-64.1998
-64.0914
-48.0677
47.879
39.2238
33.105
27.241
21.0163
14.7232
8.43092
2.08707
-4.52961
-11.6467
-19.0453
-26.5121
-34.367
-42.8969
-51.6837
-60.615
-70.2163
-80.0986
-86.6054
-76.4912
39.8268
34.899
30.1777
24.889
19.0126
12.8621
6.68927
0.338677
-6.35978
-13.4776
-20.8447
-28.4265
-36.5273
-45.1966
-54.2358
-63.9265
-74.7829
-87.5939
-101.344
-113.086
102.027
93.1608
86.2591
79.1397
72.0602
64.9104
57.7125
50.528
43.5725
36.94
30.6831
25.0125
19.9959
15.4712
11.3332
7.68928
4.67001
2.21739
0.198129
-1.27684
98.3321
88.2129
80.789
73.47
66.2854
59.0672
51.757
44.4843
37.4936
30.8523
24.6354
18.9795
13.8809
9.21852
4.98434
1.33146
-1.65486
-4.0489
-5.73657
-5.8894
93.3972
82.9107
75.1462
67.6831
60.459
53.1967
45.8704
38.5655
31.5398
24.9269
18.7166
12.9075
7.53572
2.63448
-1.71757
-5.42379
-8.47775
-10.855
-11.9884
-10.3549
87.3715
76.7738
69.0222
61.6332
54.4658
47.2399
39.9649
32.7276
25.717
19.0349
12.6834
6.62902
0.932835
-4.27469
-8.84283
-12.7026
-15.8256
-18.0103
-18.3007
-14.7565
80.6572
70.1859
62.5381
55.1876
48.0152
40.7429
33.457
26.3353
19.4316
12.6805
6.11348
-0.251614
-6.32839
-11.9535
-16.9293
-21.1466
-24.4289
-26.3914
-25.7486
-19.8946
73.5724
63.1917
55.6302
48.3819
41.3238
34.1416
26.9291
19.984
13.2529
6.44701
-0.38264
-7.09527
-13.588
-19.7745
-25.4602
-30.4164
-34.2436
-36.3572
-34.8388
-25.8798
65.9274
55.6732
48.3205
41.2019
34.2713
27.3572
20.4009
13.6967
7.1084
0.211754
-6.89041
-13.9158
-20.8282
-27.7463
-34.4718
-40.5872
-45.562
-48.6302
-46.7221
-33.7205
57.2876
47.1971
40.2518
33.5998
26.9043
20.3161
13.72
7.25913
0.712972
-6.31635
-13.6307
-20.8831
-28.2332
-36.0164
-43.914
-51.4288
-58.3512
-63.9659
-63.9217
-48.0048
47.8672
39.2397
33.1091
27.239
21.0233
14.7386
8.46422
2.14496
-4.46269
-11.5937
-18.9885
-26.3987
-34.1911
-42.6986
-51.4581
-60.3502
-69.9371
-79.8294
-86.4047
-76.4127
39.8474
34.9223
30.1897
24.8997
19.0279
12.8861
6.72956
0.39478
-6.30179
-13.4228
-20.7683
-28.3044
-36.3653
-44.9957
-54.0093
-63.6695
-74.4918
-87.3074
-101.13
-113.001
101.961
93.0934
86.1926
79.0863
72.0197
64.8796
57.6887
50.5109
43.5619
36.9334
30.6775
25.0081
19.9954
15.472
11.3283
7.6769
4.65666
2.21023
0.196659
-1.2782
98.275
88.151
80.7392
73.4476
66.291
59.091
51.7883
44.5172
37.5276
30.8886
24.6743
19.0242
13.9354
9.27762
5.03643
1.37274
-1.61912
-4.01453
-5.70741
-5.87557
93.3725
82.854
75.1054
67.6904
60.5055
53.2602
45.9318
38.6197
31.5945
24.9905
18.7904
12.9905
7.62852
2.73161
-1.62479
-5.33819
-8.40174
-10.7955
-11.9512
-10.3409
87.3088
76.6764
68.9431
61.6104
54.4847
47.2715
39.9874
32.741
25.7379
19.0752
12.7377
6.68827
0.99626
-4.20756
-8.77414
-12.6327
-15.7595
-17.9559
-18.2632
-14.7412
80.6486
70.1364
62.506
55.2127
48.081
40.8176
33.5208
26.3955
19.5108
12.7857
6.22654
-0.145722
-6.22365
-11.8414
-16.8116
-21.0306
-24.3247
-26.3077
-25.6927
-19.8739
73.666
63.2191
55.6741
48.4815
41.4621
34.2851
27.0627
20.1233
13.4215
6.63979
-0.196354
-6.92565
-13.4116
-19.5783
-25.2618
-30.2392
-34.0983
-36.2451
-34.7641
-25.8528
66.0474
55.7204
48.39
41.32
34.4203
27.5078
20.547
13.8592
7.30409
0.420376
-6.70269
-13.7394
-20.6217
-27.509
-34.2455
-40.3954
-45.3974
-48.4891
-46.6251
-33.6857
57.3448
47.2003
40.2831
33.6728
26.9995
20.411
13.817
7.37882
0.860042
-6.17116
-13.5087
-20.7512
-28.0507
-35.8064
-43.7179
-51.2429
-58.1658
-63.8021
-63.8096
-47.9653
47.8476
39.1992
33.0927
27.2528
21.048
14.764
8.49782
2.19978
-4.39289
-11.5324
-18.9353
-26.3156
-34.0601
-42.5436
-51.2867
-60.1612
-69.7448
-79.6575
-86.2859
-76.3698
39.7996
34.877
30.1597
24.8875
19.0214
12.8837
6.7382
0.418139
-6.27267
-13.3955
-20.7292
-28.2345
-36.2612
-44.8545
-53.8436
-63.4856
-74.2996
-87.1311
-101.008
-112.958
101.814
92.9515
86.05
78.95
71.9003
64.7829
57.6145
50.4531
43.5118
36.8831
30.6226
24.9508
19.9416
15.423
11.2773
7.61802
4.59371
2.15532
0.160937
-1.29138
98.1513
88.0311
80.6353
73.3664
66.2357
59.0606
51.7764
44.5154
37.5297
30.8905
24.6736
19.0225
13.9383
9.28625
5.04371
1.37271
-1.62454
-4.01917
-5.70874
-5.8761
93.2474
82.7349
75.0247
67.6469
60.4905
53.2645
45.9448
38.6354
31.6149
25.0186
18.8241
13.0259
7.66646
2.77385
-1.57991
-5.29271
-8.35835
-10.7597
-11.9286
-10.3332
87.112
76.5215
68.8474
61.5616
54.4672
47.2692
39.9858
32.738
25.7443
19.0994
12.7728
6.7205
1.02214
-4.18087
-8.73827
-12.5838
-15.7029
-17.9034
-18.2262
-14.7269
80.4634
70.0082
62.4419
55.2008
48.1018
40.849
33.5473
26.421
19.5541
12.8554
6.30474
-0.0831553
-6.17751
-11.7924
-16.7434
-20.9426
-24.2307
-26.2259
-25.6379
-19.854
73.5337
63.1356
55.6478
48.5092
41.5216
34.3499
27.1189
20.1826
13.5079
6.75513
-0.0833761
-6.84084
-13.3401
-19.4867
-25.1389
-30.1014
-33.9701
-36.1439
-34.7
-25.8309
65.9492
55.6614
48.3783
41.3565
34.4811
27.5677
20.5984
13.9207
7.39801
0.536359
-6.60299
-13.6681
-20.5423
-27.3883
-34.0944
-40.2443
-45.2643
-48.3822
-46.5561
-33.6623
57.2577
47.1433
40.2608
33.6884
27.0297
20.437
13.8387
7.4165
0.926843
-6.09559
-13.4553
-20.7096
-27.9775
-35.6893
-43.5825
-51.1073
-58.0365
-63.6923
-63.7376
-47.9407
47.766
39.1442
33.0603
27.2441
21.0459
14.7589
8.4948
2.21298
-4.36197
-11.5029
-18.9183
-26.2892
-33.999
-42.4506
-51.1721
-60.0343
-69.6178
-79.5488
-86.2143
-76.3449
39.7356
34.8338
30.1334
24.873
19.0116
12.8756
6.73656
0.428016
-6.25609
-13.3807
-20.7113
-28.1995
-36.1995
-44.7612
-53.7292
-63.36
-74.1751
-87.0238
-100.939
-112.934
101.627
92.7807
85.8823
78.7964
71.7771
64.6966
57.5618
50.4231
43.4913
36.862
30.5954
24.918
19.9087
15.3932
11.2464
7.58034
4.55111
2.11814
0.139446
-1.29682
98.0154
87.8911
80.4965
73.2485
66.1508
59.0127
51.7592
44.5164
37.5374
30.8978
24.6768
19.0223
13.9387
9.28837
5.0427
1.36337
-1.64073
-4.03487
-5.71807
-5.87909
93.0953
82.5964
74.9008
67.5458
60.4221
53.2294
45.9333
38.6349
31.6182
25.0246
18.8317
13.0327
7.67074
2.77486
-1.58277
-5.29808
-8.36297
-10.7615
-11.9284
-10.333
86.976
76.4255
68.7803
61.521
54.4613
47.2931
40.0246
32.7792
25.7875
19.151
12.8323
6.77716
1.06553
-4.15259
-8.71902
-12.5656
-15.6824
-17.8839
-18.2132
-14.723
80.3813
69.9707
62.44
55.2304
48.1669
40.9382
33.6412
26.5105
19.6483
12.9671
6.42832
0.0293622
-6.09271
-11.7316
-16.6912
-20.8886
-24.1773
-26.1831
-25.6134
-19.8476
73.4758
63.1199
55.6691
48.5664
41.6129
34.4574
27.2221
20.2795
13.6173
6.89045
0.0617851
-6.71762
-13.25
-19.4123
-25.0598
-30.0161
-33.8923
-36.0873
-34.6698
-25.8232
65.8836
55.6357
48.3882
41.402
34.5546
27.6484
20.6698
13.9899
7.48819
0.654439
-6.48273
-13.5738
-20.4678
-27.307
-33.9971
-40.145
-45.18
-48.3217
-46.5219
-33.652
57.1827
47.1008
40.2476
33.7041
27.0642
20.4719
13.8652
7.44744
0.981893
-6.01883
-13.3821
-20.6513
-27.9145
-35.6049
-43.4849
-51.0128
-57.955
-63.6296
-63.6991
-47.9276
47.6917
39.0922
33.029
27.2305
21.0425
14.7539
8.48651
2.2133
-4.34257
-11.4706
-18.8851
-26.2519
-33.9439
-42.3764
-51.0874
-59.9497
-69.5415
-79.4886
-86.1768
-76.3326
39.673
34.7844
30.0969
24.8485
18.994
12.8584
6.72099
0.420718
-6.25189
-13.3672
-20.6882
-28.1636
-36.1469
-44.6906
-53.6496
-63.281
-74.1041
-86.9676
-100.905
-112.924
101.477
92.6298
85.7441
78.6857
71.705
64.6679
57.5733
50.4633
43.5459
36.92
30.6505
24.9694
19.9616
15.4523
11.3081
7.63503
4.59176
2.14504
0.156219
-1.28963
97.8611
87.7232
80.3364
73.1181
66.0611
58.9685
51.7548
44.5371
37.5684
30.9289
24.7032
19.0468
13.9688
9.32766
5.08551
1.40005
-1.61569
-4.02036
-5.71052
-5.87657
92.9057
82.4098
74.7236
67.3983
60.3168
53.1687
45.9063
38.6231
31.6071
25.0083
18.8116
13.0142
7.65888
2.76935
-1.5866
-5.30433
-8.37181
-10.7706
-11.9361
-10.3373
86.857
76.3012
68.6613
61.4325
54.4169
47.29
40.0446
32.8005
25.7991
19.1561
12.8395
6.79047
1.08095
-4.14272
-8.71947
-12.5755
-15.698
-17.902
-18.2305
-14.7327
80.3384
69.906
62.3791
55.203
48.1841
40.9898
33.7026
26.56
19.6839
13.0036
6.4782
0.0885746
-6.04003
-11.6984
-16.6787
-20.8908
-24.189
-26.2012
-25.6329
-19.8584
73.4564
63.0744
55.6315
48.566
41.6555
34.5253
27.287
20.3255
13.6545
6.94221
0.137215
-6.63393
-13.1804
-19.3663
-25.0329
-30.0021
-33.8899
-36.0952
-34.6816
-25.8294
65.8512
55.585
48.3526
41.4048
34.5947
27.7032
20.7133
14.0158
7.51645
0.708769
-6.40231
-13.4888
-20.3951
-27.2476
-33.948
-40.1086
-45.1593
-48.3137
-46.5195
-33.6504
57.1341
47.0443
40.2102
33.6999
27.087
20.4994
13.879
7.45079
0.997248
-5.97496
-13.3164
-20.5802
-27.8435
-35.534
-43.4212
-50.9645
-57.9235
-63.61
-63.6867
-47.9222
47.6376
39.0374
32.9905
27.2149
21.0414
14.7506
8.47242
2.19667
-4.34463
-11.449
-18.8441
-26.1984
-33.8815
-42.312
-51.0305
-59.9068
-69.5122
-79.4696
-86.1661
-76.3299
39.621
34.7329
30.0574
24.8256
18.9783
12.8392
6.6959
0.39727
-6.26275
-13.3576
-20.6561
-28.1149
-36.0895
-44.6321
-53.5983
-63.2417
-74.0761
-86.9484
-100.894
-112.92
101.353
92.4948
85.6245
78.5954
71.6527
64.6606
57.6106
50.5358
43.6388
37.021
30.7518
25.0674
20.0619
15.5628
11.4267
7.74824
4.68404
2.20812
0.190339
-1.27895
97.6711
87.5419
80.177
72.989
65.9725
58.9281
51.7602
44.5744
37.6206
30.9833
24.7509
19.0889
14.0177
9.39322
5.16396
1.47667
-1.55536
-3.98269
-5.69349
-5.8729
92.6819
82.208
74.5434
67.2491
60.2101
53.1092
45.8854
38.6216
31.6067
24.9985
18.7906
12.9903
7.6454
2.77279
-1.57181
-5.29012
-8.36734
-10.7777
-11.9493
-10.3461
86.6588
76.1099
68.4842
61.2882
54.3167
47.2329
40.0142
32.7727
25.7569
19.0972
12.7735
6.73111
1.03726
-4.17319
-8.7468
-12.6088
-15.7399
-17.9477
-18.269
-14.7501
80.153
69.7157
62.201
55.0617
48.0873
40.9293
33.6546
26.4982
19.5983
12.9054
6.38853
0.0214526
-6.08637
-11.7385
-16.7263
-20.9502
-24.2553
-26.2638
-25.6776
-19.8744
73.2731
62.8865
55.4606
48.436
41.5686
34.4656
27.2259
20.24
13.5468
6.83718
0.0605922
-6.67555
-13.2014
-19.389
-25.0705
-30.0548
-33.9487
-36.1466
-34.7123
-25.8362
65.6822
55.4191
48.2104
41.3043
34.5317
27.656
20.6538
13.9303
7.41981
0.632595
-6.43786
-13.4886
-20.3795
-27.2378
-33.9558
-40.1344
-45.1939
-48.3431
-46.5329
-33.6503
56.9987
46.9199
40.1117
33.6373
27.0499
20.4653
13.8272
7.37996
0.929709
-6.01117
-13.3125
-20.5487
-27.8027
-35.5008
-43.4077
-50.9725
-57.9434
-63.6282
-63.6954
-47.9237
47.5427
38.9583
32.9331
27.1815
21.0187
14.7211
8.42739
2.14393
-4.3843
-11.4564
-18.8173
-26.1509
-33.8305
-42.2733
-51.0137
-59.911
-69.5278
-79.4854
-86.1759
-76.3327
39.5558
34.6788
30.0214
24.8041
18.9587
12.8104
6.65756
0.358971
-6.28694
-13.3541
-20.6219
-28.0626
-36.0377
-44.5947
-53.5813
-63.2423
-74.0855
-86.9581
-100.898
-112.919
101.204
92.3428
85.486
78.4828
71.5759
64.6284
57.6245
50.589
43.7163
37.1107
30.8452
25.157
20.1502
15.66
11.5351
7.85457
4.76959
2.26172
0.213611
-1.27422
97.4867
87.3744
80.0292
72.866
65.8868
58.8894
51.7694
44.6191
37.6846
31.056
24.8206
19.1488
14.0768
9.46491
5.24834
1.5584
-1.49437
-3.95071
-5.68534
-5.87419
92.5068
82.0457
74.3965
67.1258
60.1245
53.0693
45.8865
38.647
31.64
25.0295
18.8119
13.0017
7.65672
2.79349
-1.54362
-5.26631
-8.35912
-10.7865
-11.9654
-10.3549
86.4671
75.9219
68.3085
61.1384
54.2052
47.1627
39.9748
32.7436
25.7217
19.0511
12.7191
6.67555
0.989036
-4.2122
-8.78272
-12.6494
-15.787
-17.9939
-18.3013
-14.7599
79.921
69.4906
61.992
54.8827
47.9453
40.821
33.5641
26.4022
19.4845
12.7799
6.26641
-0.0841921
-6.17253
-11.8151
-16.8057
-21.0355
-24.338
-26.3285
-25.7115
-19.8797
73.0243
62.6545
55.2521
48.2593
41.4243
34.3441
27.1067
20.1018
13.3865
6.67413
-0.0818965
-6.78598
-13.2867
-19.4699
-25.1628
-30.1564
-34.0432
-36.2149
-34.7446
-25.8409
65.4636
55.2261
48.0448
41.1673
34.4173
27.55
20.5359
13.7878
7.26201
0.487721
-6.54918
-13.5661
-20.4404
-27.3056
-34.0435
-40.2361
-45.2907
-48.416
-46.5744
-33.6644
56.844
46.7926
40.0093
33.5548
26.9762
20.3854
13.7283
7.2626
0.812464
-6.09989
-13.364
-20.5775
-27.8317
-35.5496
-43.4835
-51.0667
-58.0378
-63.7062
-63.7483
-47.9454
47.4517
38.8916
32.8863
27.1446
20.978
14.6661
8.3571
2.07002
-4.44376
-11.4815
-18.8094
-26.132
-33.8248
-42.296
-51.0662
-59.9824
-69.603
-79.5513
-86.2209
-76.3475
39.5051
34.6407
29.998
24.7828
18.928
12.765
6.60512
0.315259
-6.3133
-13.3549
-20.6007
-28.0387
-36.0321
-44.6176
-53.63
-63.3065
-74.1543
-87.0217
-100.944
-112.936
101.009
92.1598
85.3196
78.3412
71.468
64.5605
57.5964
50.5972
43.748
37.1574
30.9034
25.2168
20.2068
15.7209
11.6043
7.92097
4.81484
2.27648
0.205698
-1.28385
97.309
87.2083
79.8765
72.7359
65.7906
58.8332
51.7558
44.6383
37.7234
31.1123
24.8881
19.214
14.1375
9.52982
5.31811
1.61899
-1.46
-3.94725
-5.70004
-5.88495
92.3514
81.8861
74.2432
66.9933
60.0258
53.0123
45.87
38.6593
31.6702
25.0759
18.87
13.0604
7.71098
2.84442
-1.49735
-5.23205
-8.34357
-10.7873
-11.971
-10.3555
86.2839
75.7312
68.1235
60.9754
54.0763
47.0722
39.9196
32.7116
25.7026
19.0455
12.7268
6.6899
1.00301
-4.20401
-8.7833
-12.6583
-15.7992
-18.0008
-18.2965
-14.7507
79.7003
69.2705
61.7815
54.6929
47.7822
40.6858
33.4527
26.3025
19.3876
12.691
6.19121
-0.146574
-6.22895
-11.8765
-16.8776
-21.111
-24.4017
-26.3671
-25.7235
-19.879
72.7998
62.4395
55.0486
48.0681
41.2449
34.1758
26.9457
19.9389
13.2177
6.51119
-0.2308
-6.92178
-13.4183
-19.6111
-25.3185
-30.3137
-34.1803
-36.316
-34.8078
-25.8685
65.2804
55.0573
47.8838
41.0054
34.2505
27.3773
20.3565
13.6011
7.07154
0.310731
-6.71011
-13.7227
-20.6077
-27.4955
-34.2543
-40.4501
-45.4853
-48.576
-46.6904
-33.7173
56.73
46.6905
39.9093
33.4444
26.8494
20.2429
13.5754
7.11006
0.668932
-6.21748
-13.4634
-20.6854
-27.9693
-35.723
-43.6832
-51.2741
-58.2353
-63.88
-63.8775
-47.9971
47.3967
38.8456
32.8434
27.0902
20.9044
14.575
8.26109
1.99013
-4.50347
-11.5146
-18.831
-26.1722
-33.904
-42.4145
-51.2113
-60.1404
-69.7645
-79.704
-86.3347
-76.3905
39.4799
34.6159
29.9748
24.7488
18.8763
12.6975
6.53919
0.281603
-6.31841
-13.343
-20.5922
-28.0576
-36.0906
-44.7108
-53.7456
-63.4376
-74.2988
-87.167
-101.055
-112.983
100.793
91.9597
85.1378
78.1829
71.3388
64.4622
57.5227
50.5483
43.7159
37.1394
30.905
25.2289
20.2163
15.728
11.6126
7.92212
4.79411
2.23053
0.152199
-1.31328
97.1187
87.0223
79.7018
72.5848
65.6691
58.7383
51.6897
44.5968
37.6965
31.108
24.9115
19.2504
14.1731
9.56321
5.34787
1.63343
-1.47351
-3.98598
-5.74137
-5.90232
92.1591
81.6894
74.0572
66.8316
59.8945
52.9137
45.8049
38.6243
31.6608
25.1007
18.9346
13.1513
7.80764
2.93321
-1.42276
-5.17597
-8.30737
-10.7646
-11.9504
-10.3381
86.0703
75.5163
67.9196
60.7948
53.925
46.9508
39.8307
32.6569
25.6801
19.0628
12.7873
6.78
1.09993
-4.119
-8.7162
-12.6045
-15.7505
-17.9513
-18.2493
-14.7244
79.4751
69.0478
61.5651
54.4889
47.5919
40.5095
33.2993
26.1787
19.2923
12.6289
6.15874
-0.163132
-6.24666
-11.909
-16.9256
-21.1619
-24.4416
-26.3914
-25.7388
-19.8902
72.5869
62.225
54.828
47.8389
41.0049
33.9295
26.7093
19.7266
13.0291
6.34858
-0.382251
-7.08184
-13.5982
-19.8131
-25.5329
-30.5221
-34.3667
-36.4737
-34.9291
-25.9263
65.1027
54.8745
47.6837
40.7792
33.9966
27.106
20.0893
13.3619
6.85933
0.126196
-6.89424
-13.9386
-20.8658
-27.7862
-34.5571
-40.745
-45.7601
-48.8193
-46.8708
-33.7848
56.6132
46.5669
39.7687
33.2763
26.6521
20.0295
13.3686
6.94103
0.531571
-6.32804
-13.5813
-20.8495
-28.1893
-35.981
-43.9554
-51.5488
-58.5105
-64.1384
-64.0644
-48.0574
47.3358
38.785
32.7778
27.0054
20.7961
14.453
8.14787
1.92389
-4.53623
-11.5343
-18.8733
-26.2686
-34.0557
-42.6003
-51.4152
-60.3672
-70.0231
-79.97
-86.5371
-76.4678
39.4477
34.5806
29.9383
24.6985
18.807
12.6135
6.45568
0.249931
-6.30277
-13.3148
-20.5924
-28.11
-36.1896
-44.8371
-53.8949
-63.6272
-74.5395
-87.425
-101.249
-113.051
100.561
91.7338
84.9263
77.9953
71.1756
64.323
57.3932
50.4309
43.6082
37.0436
30.8348
25.1767
20.1606
15.6613
11.5386
7.83922
4.69665
2.12516
0.0652778
-1.35065
96.8905
86.794
79.4875
72.3972
65.5111
58.5953
51.558
44.4788
37.5872
31.0214
24.8624
19.226
14.1509
9.53353
5.30849
1.57854
-1.54716
-4.06465
-5.79526
-5.9141
91.924
81.4624
73.8549
66.6587
59.747
52.7821
45.6862
38.5262
31.587
25.0652
18.9523
13.2142
7.88921
3.00938
-1.3641
-5.13822
-8.28693
-10.7495
-11.9284
-10.3173
85.8446
75.3058
67.7314
60.6272
53.7729
46.8044
39.6938
32.5483
25.6099
19.0408
12.8181
6.85237
1.18908
-4.03757
-8.65367
-12.5598
-15.718
-17.9269
-18.2344
-14.7222
79.2617
68.8456
61.3696
54.2932
47.3892
40.296
33.0922
26.0087
19.1707
12.5564
6.11692
-0.196078
-6.28543
-11.9612
-16.9899
-21.2321
-24.5141
-26.4665
-25.8112
-19.9315
72.3817
62.0151
54.6033
47.5911
40.7303
33.6352
26.4248
19.4932
12.8541
6.22406
-0.499976
-7.23047
-13.7825
-20.0176
-25.7403
-30.7242
-34.5636
-36.6585
-35.0684
-25.9711
64.9024
54.6666
47.455
40.5198
33.7058
26.7987
19.7973
13.1337
6.69217
0.00488115
-7.02685
-14.1295
-21.1118
-28.0546
-34.8236
-41.0092
-46.0285
-49.0698
-47.0378
-33.8192
56.4569
46.4121
39.6048
33.0869
26.4335
19.7987
13.1543
6.79054
0.429631
-6.40867
-13.6961
-21.0359
-28.4322
-36.2426
-44.2232
-51.8445
-58.849
-64.4799
-64.3158
-48.1494
47.2415
38.7021
32.6953
26.8997
20.6631
14.3084
8.01881
1.85595
-4.56228
-11.5623
-18.9537
-26.4196
-34.2512
-42.8118
-51.6566
-60.6844
-70.4333
-80.4162
-86.9003
-76.6267
39.3878
34.5199
29.8725
24.6053
18.6938
12.4967
6.33994
0.166906
-6.35813
-13.3812
-20.7092
-28.2818
-36.3905
-45.0567
-54.1692
-64.0083
-75.0307
-87.953
-101.683
-113.244
100.27
91.4449
84.6563
77.7605
70.9659
64.139
57.2168
50.2648
43.4533
36.9059
30.7315
25.0983
20.0769
15.5574
11.4204
7.71588
4.57749
2.02865
0.0145847
-1.35715
96.5953
86.5069
79.2255
72.1679
65.3131
58.4118
51.3788
44.3092
37.4274
30.8862
24.7687
19.1613
14.0873
9.456
5.21696
1.47767
-1.645
-4.13335
-5.81265
-5.90124
91.662
81.2237
73.6527
66.4776
59.5788
52.6138
45.5074
38.3525
31.4298
24.9358
18.8657
13.1696
7.86582
2.98255
-1.40859
-5.20152
-8.35659
-10.8038
-11.9555
-10.3278
85.6444
75.1297
67.5731
60.4643
53.5998
46.6107
39.4815
32.35
25.4471
18.9176
12.7286
6.78938
1.1402
-4.0897
-8.72293
-12.6511
-15.8258
-18.0375
-18.3304
-14.774
79.0911
68.6853
61.2044
54.1045
47.1761
40.061
32.8555
25.8158
19.0451
12.4906
6.0687
-0.25574
-6.35798
-12.0407
-17.0774
-21.3347
-24.6347
-26.5924
-25.9049
-19.9484
72.2088
61.8377
54.412
47.3742
40.4918
33.3894
26.2011
19.341
12.786
6.22444
-0.498574
-7.27434
-13.8612
-20.1014
-25.8209
-30.8163
-34.6766
-36.7675
-35.1119
-25.928
64.7094
54.4799
47.2639
40.3078
33.4722
26.5612
19.5839
12.9883
6.60938
-0.0386859
-7.09813
-14.266
-21.2857
-28.2253
-34.9928
-41.2109
-46.2749
-49.3174
-47.2068
-33.8698
56.2877
46.2615
39.4528
32.9044
26.218
19.5713
12.9559
6.64802
0.317697
-6.52934
-13.8783
-21.2876
-28.708
-36.5136
-44.5259
-52.2394
-59.3457
-65.0169
-64.7915
-48.4097
47.1135
38.5818
32.5647
26.7338
20.4799
14.116
7.86868
1.75916
-4.64183
-11.6764
-19.1386
-26.6573
-34.4967
-43.0706
-52.0057
-61.197
-71.1056
-81.1806
-87.6342
-77.0457
39.2678
34.3881
29.7268
24.4407
18.5559
12.3874
6.26297
0.110606
-6.4249
-13.497
-20.886
-28.4881
-36.5981
-45.3053
-54.5511
-64.5769
-75.7563
-88.7788
-102.511
-113.767
99.8724
91.0731
84.3333
77.5046
70.7471
63.9508
57.047
50.118
43.3317
36.8177
30.6935
25.0959
20.0716
15.5273
11.3722
7.67068
4.56137
2.06722
0.107568
-1.27802
96.2177
86.1684
78.9393
71.9316
65.1055
58.2205
51.1971
44.1451
37.2849
30.7769
24.7041
19.1266
14.0521
9.40199
5.14612
1.40815
-1.68122
-4.10554
-5.72917
-5.83281
91.3708
80.9695
73.4466
66.2774
59.3621
52.3765
45.2452
38.0895
31.1814
24.7021
18.6503
12.9752
7.68238
2.79192
-1.61815
-5.42218
-8.55928
-10.9572
-12.0496
-10.3572
85.4547
74.9647
67.4223
60.2773
53.3686
46.3434
39.1903
32.0775
25.2214
18.7279
12.546
6.6045
0.955875
-4.27978
-8.93242
-12.8824
-16.0611
-18.244
-18.4572
-14.7637
78.9428
68.5497
61.0769
53.9437
46.9845
39.8629
32.6752
25.6954
19.0114
12.5258
6.10983
-0.241116
-6.3573
-12.0413
-17.0888
-21.37
-24.6884
-26.6269
-25.8423
-19.7717
72.0639
61.7157
54.3169
47.2604
40.3537
33.2557
26.1021
19.3028
12.8146
6.30201
-0.437312
-7.25731
-13.8572
-20.0846
-25.8088
-30.8389
-34.7371
-36.8222
-35.0789
-25.802
64.5491
54.3614
47.1695
40.1752
33.284
26.3533
19.4132
12.86
6.49801
-0.162244
-7.27831
-14.4952
-21.5097
-28.4284
-35.2241
-41.521
-46.6675
-49.7522
-47.6003
-34.0505
56.1129
46.1163
39.2979
32.6911
25.9651
19.3077
12.7889
6.5522
0.222512
-6.68066
-14.1075
-21.5485
-28.944
-36.7535
-44.8653
-52.7367
-59.9977
-65.8103
-65.6319
-48.8802
46.8895
38.3689
32.3503
26.5019
20.3213
13.9777
7.79264
1.717
-4.71101
-11.8186
-19.3436
-26.8617
-34.6771
-43.3147
-52.4338
-61.8444
-71.9707
-82.329
-89.0099
-78.0656
38.9892
34.1315
29.5247
24.2514
18.4122
12.3242
6.26973
0.131476
-6.44939
-13.593
-21.0187
-28.6005
-36.71
-45.536
-54.9961
-65.2205
-76.6122
-90.0147
-104.149
-115.205
99.3069
90.6313
84.0076
77.2904
70.5937
63.8275
56.9438
50.0433
43.2894
36.8207
30.758
25.2046
20.1828
15.6149
11.4424
7.75409
4.69579
2.26914
0.336466
-1.13235
95.7355
85.81
78.6895
71.7557
64.9518
58.07
51.051
44.0192
37.1872
30.7149
24.6832
19.1323
14.0558
9.38331
5.10956
1.38899
-1.63647
-3.98903
-5.59219
-5.72104
91.0009
80.6826
73.2245
66.0525
59.0985
52.0803
44.9311
37.7945
30.92
24.4568
18.4043
12.7275
7.42981
2.52079
-1.91034
-5.70461
-8.7904
-11.1189
-12.1023
-10.2242
85.1822
74.7458
67.2406
60.0739
53.1285
46.0899
38.9492
31.8947
25.1206
18.6775
12.4936
6.53417
0.874796
-4.37613
-9.04961
-13.0034
-16.1616
-18.2761
-18.2725
-14.3095
78.736
68.4027
61.0111
53.8877
46.9044
39.7848
32.6229
25.6919
19.075
12.6344
6.20623
-0.171774
-6.2928
-11.9766
-17.0364
-21.3339
-24.6664
-26.5474
-25.5197
-19.246
71.8994
61.6394
54.3329
47.2367
40.2283
33.0871
25.9615
19.1942
12.7224
6.19904
-0.585884
-7.43127
-14.0106
-20.2185
-25.9596
-31.0344
-34.9923
-37.0602
-35.1131
-25.5605
64.3675
54.2464
47.0669
39.9958
33.0325
26.1292
19.3411
12.8819
6.5184
-0.206228
-7.39185
-14.6099
-21.5744
-28.487
-35.3516
-41.752
-47.0285
-50.1991
-47.9456
-33.8886
55.8268
45.869
39.1019
32.5875
25.9479
19.2898
12.8669
6.68609
0.31729
-6.67962
-14.1599
-21.5586
-28.9062
-36.7864
-45.0595
-53.0971
-60.5847
-66.6974
-66.7083
-49.5355
46.441
38.0727
32.2038
26.3686
20.206
13.9146
7.78923
1.70294
-4.80862
-12.006
-19.537
-26.9868
-34.8078
-43.6141
-52.9461
-62.5256
-72.9828
-84.0349
-91.5818
-80.9201
38.4156
33.7336
29.1649
23.9144
18.1124
12.1083
6.10614
-0.0612324
-6.72793
-13.9319
-21.3277
-28.8524
-37.0328
-46.0729
-55.7001
-66.0137
-77.8102
-92.2745
-107.785
-119.847
98.1812
90.1609
83.7733
77.1384
70.4644
63.69
56.7975
49.8969
43.1509
36.7104
30.6938
25.1731
20.1491
15.5553
11.3659
7.69987
4.69822
2.30485
0.359277
-1.15642
94.8669
85.4963
78.5636
71.6473
64.8105
57.8953
50.8664
43.8491
37.0381
30.5878
24.5795
19.0412
13.948
9.23609
4.95054
1.28004
-1.68466
-4.03589
-5.59759
-5.54913
90.2302
80.3709
73.0427
65.8743
58.8989
51.8836
44.7786
37.7303
30.9418
24.519
18.4673
12.7778
7.45347
2.50869
-1.92506
-5.68151
-8.73268
-11.0063
-11.6876
-9.32884
84.4557
74.4826
67.1719
60.0522
53.0862
46.0271
38.8939
31.8943
25.1928
18.7851
12.5902
6.60903
0.926388
-4.34509
-9.01282
-12.9604
-16.1055
-18.0828
-17.5674
-13.0094
78.1215
68.2974
61.0862
53.8963
46.7818
39.5963
32.4347
25.5309
18.9394
12.4909
6.02913
-0.363536
-6.48028
-12.1526
-17.2009
-21.5379
-24.8817
-26.6215
-25.1002
-18.1952
71.3909
61.5484
54.2842
47.1041
40.0475
32.9953
26.0365
19.3682
12.8998
6.31588
-0.518002
-7.34291
-13.8752
-20.0559
-25.8131
-30.9861
-34.9766
-36.9711
-34.5307
-23.9648
63.7683
54.0061
46.9823
39.9812
32.9363
25.965
19.2621
12.8612
6.44875
-0.376835
-7.58737
-14.7245
-21.6329
-28.5747
-35.5248
-42.0614
-47.382
-50.619
-47.8918
-32.4163
55.0544
45.6761
39.1397
32.7023
26.1155
19.5082
13.1489
6.9506
0.467743
-6.63052
-14.0659
-21.3457
-28.7208
-36.751
-45.1409
-53.289
-60.9148
-67.4733
-67.6229
-50.1824
45.6386
38.303
32.5725
26.9133
20.903
14.7574
8.68836
2.5296
-4.11466
-11.3543
-18.7746
-26.1544
-34.1351
-43.1238
-52.4754
-62.1287
-72.9648
-85.0765
-93.8741
-85.4936
36.9612
33.0544
28.7764
23.5508
17.8068
11.884
5.88747
-0.376273
-7.14824
-14.3282
-21.5987
-29.1518
-37.5769
-46.6647
-56.09
-66.6657
-79.1066
-94.3147
-111.879
-130.479
)
;

boundaryField
{
    floor
    {
        type            calculated;
        value           nonuniform List<scalar> 
400
(
102.766
103.778
104.138
104.35
104.441
104.508
104.479
104.413
104.267
104.08
103.93
103.805
103.657
103.462
103.246
103.013
102.722
102.325
101.759
100.634
94.41
94.9203
95.1916
95.3709
95.4772
95.5331
95.5275
95.4601
95.3182
95.1474
94.9965
94.8615
94.7095
94.5265
94.3265
94.1005
93.8115
93.4389
92.9898
92.4688
87.7526
88.0455
88.2647
88.4239
88.5324
88.5999
88.6094
88.5429
88.4003
88.2326
88.0944
87.9748
87.8363
87.6699
87.4881
87.2766
87.0065
86.6825
86.3481
86.0523
80.6379
80.9182
81.1157
81.2686
81.377
81.4604
81.4881
81.4347
81.2984
81.1448
81.0341
80.9438
80.8312
80.6896
80.5313
80.3437
80.1088
79.8519
79.6288
79.4136
73.5404
73.8353
74.0041
74.1429
74.2591
74.362
74.4084
74.3679
74.2485
74.1253
74.0532
74.0009
73.9241
73.8162
73.687
73.5238
73.314
73.0941
72.9319
72.7392
66.4026
66.6783
66.8257
66.9647
67.0892
67.2042
67.2586
67.2277
67.1311
67.0447
67.0161
67.0088
66.9766
66.9087
66.8103
66.6712
66.4871
66.2979
66.1657
65.9647
59.2822
59.4798
59.642
59.7813
59.902
60.0108
60.0607
60.0369
59.9627
59.91
59.9215
59.9588
59.9727
59.9446
59.8708
59.7414
59.5649
59.394
59.2819
59.0722
52.1475
52.3644
52.5168
52.6405
52.741
52.8328
52.8762
52.8591
52.8013
52.7713
52.8115
52.884
52.9372
52.9454
52.8965
52.7791
52.6128
52.465
52.3814
52.1716
45.2634
45.4851
45.6176
45.7147
45.7942
45.8763
45.9207
45.9101
45.86
45.8395
45.8941
45.987
46.0645
46.0962
46.0641
45.9563
45.8013
45.6787
45.6275
45.4256
38.7177
38.8654
38.9905
39.0717
39.1478
39.236
39.2882
39.2816
39.2313
39.2102
39.2682
39.3692
39.4589
39.5056
39.4876
39.3918
39.2539
39.1647
39.1588
38.9851
32.435
32.5625
32.6891
32.7765
32.8677
32.9708
33.0313
33.0257
32.9708
32.9436
32.9987
33.1
33.1933
33.2515
33.2532
33.183
33.0796
33.0405
33.0961
32.9685
26.6376
26.825
26.9584
27.0654
27.1767
27.2937
27.3607
27.3563
27.299
27.2662
27.3176
27.4156
27.5052
27.5649
27.5771
27.5249
27.4464
27.4429
27.5427
27.4478
21.517
21.7576
21.8988
22.0226
22.1473
22.2727
22.3441
22.3436
22.2898
22.2569
22.3098
22.4101
22.4984
22.555
22.5645
22.5088
22.425
22.4186
22.5209
22.4238
16.9844
17.2227
17.368
17.4974
17.6235
17.7492
17.8194
17.8202
17.7712
17.7414
17.8005
17.911
18.0082
18.069
18.0762
18.0095
17.9055
17.8743
17.953
17.83
12.8987
13.1084
13.2547
13.3817
13.5
13.6194
13.6814
13.6765
13.6255
13.5945
13.6563
13.7749
13.8832
13.9525
13.9608
13.8868
13.7684
13.7192
13.7805
13.6406
9.28021
9.48008
9.63027
9.75982
9.87089
9.98494
10.0375
10.0251
9.96619
9.92852
9.9832
10.0964
10.2027
10.2691
10.2703
10.1874
10.0639
10.0177
10.0922
9.97453
6.23758
6.4599
6.6131
6.75171
6.86004
6.97095
7.01807
7.00472
6.94177
6.89917
6.93981
7.0321
7.11765
7.1629
7.14217
7.04469
6.92542
6.90826
7.03372
6.97262
3.7982
4.04546
4.17847
4.31066
4.41681
4.51849
4.56436
4.5572
4.50229
4.46511
4.49201
4.55509
4.60868
4.62345
4.57749
4.47212
4.37549
4.41297
4.60574
4.57706
1.95483
2.16703
2.25281
2.33699
2.42259
2.49621
2.5357
2.53423
2.49851
2.47702
2.49379
2.52791
2.55118
2.54327
2.48977
2.40283
2.35199
2.44369
2.66218
2.61447
0.709521
0.862289
0.887145
0.911726
0.947225
0.976262
0.994174
0.992807
0.97963
0.974186
0.981376
0.992057
0.996787
0.987161
0.957732
0.920324
0.913569
0.990566
1.11973
0.989911
)
;
    }
    ceiling
    {
        type            calculated;
        value           nonuniform List<scalar> 
400
(
35.0065
35.5883
36.9785
37.2814
37.1397
37.3742
37.3948
37.3471
37.283
37.2205
37.1684
37.1032
37.0525
37.0273
36.9951
36.9353
36.8153
36.5367
35.963
34.5086
27.5619
28.0368
28.9672
29.4355
29.3889
29.5638
29.5871
29.5418
29.4986
29.4493
29.3977
29.3436
29.3056
29.2807
29.2454
29.1847
29.0522
28.7881
28.315
26.9814
23.0039
23.6737
23.9699
24.3893
24.392
24.512
24.524
24.494
24.4677
24.4312
24.3917
24.3557
24.3323
24.3091
24.2726
24.2067
24.0602
23.8492
23.3985
22.2078
17.6968
18.6654
18.7773
19.1175
19.0988
19.191
19.2018
19.1896
19.175
19.1506
19.1276
19.1061
19.0849
19.0509
19.0005
18.9072
18.7419
18.5434
18.1133
16.9253
11.8259
13.0236
13.0407
13.2857
13.2242
13.3117
13.327
13.3205
13.3108
13.2931
13.2774
13.2578
13.2271
13.1754
13.1061
12.9928
12.8541
12.7013
12.3081
11.1754
5.60317
6.95889
6.9401
7.13551
7.06355
7.16101
7.18496
7.18258
7.17448
7.15731
7.13803
7.10929
7.0639
6.99635
6.91235
6.79554
6.68532
6.61303
6.30366
5.25201
-0.686179
0.744474
0.707832
0.915898
0.867727
0.988113
1.02841
1.03705
1.03541
1.01984
0.994751
0.95641
0.903972
0.838035
0.75452
0.638707
0.560902
0.55851
0.301475
-0.744614
-7.16295
-5.69761
-5.71803
-5.47921
-5.50205
-5.36248
-5.30637
-5.28301
-5.27314
-5.28044
-5.30388
-5.34218
-5.38589
-5.41955
-5.45123
-5.53433
-5.59146
-5.57974
-5.8659
-7.00837
-13.8979
-12.4252
-12.4245
-12.1782
-12.2004
-12.0609
-12.0029
-11.9738
-11.9572
-11.953
-11.9639
-11.9881
-12.0145
-12.0196
-12.0039
-12.0594
-12.127
-12.1606
-12.5326
-13.7803
-20.9913
-19.5264
-19.526
-19.2862
-19.3146
-19.1788
-19.1239
-19.0967
-19.0818
-19.0683
-19.0587
-19.0553
-19.056
-19.0442
-19.016
-19.0825
-19.1991
-19.3042
-19.7366
-20.9603
-28.469
-26.9958
-26.9765
-26.7094
-26.7091
-26.5459
-26.4694
-26.4304
-26.4124
-26.3894
-26.3573
-26.3231
-26.3019
-26.2933
-26.2936
-26.4105
-26.5881
-26.73
-27.1324
-28.2308
-36.3117
-34.7926
-34.718
-34.3902
-34.3354
-34.1277
-34.0056
-33.9357
-33.9006
-33.8648
-33.816
-33.7638
-33.7398
-33.7587
-33.8112
-33.983
-34.1901
-34.3118
-34.6571
-35.7839
-44.5842
-43.0323
-42.9142
-42.5433
-42.4486
-42.2285
-42.0664
-41.9624
-41.9006
-41.848
-41.7907
-41.7388
-41.7332
-41.7917
-41.8907
-42.0917
-42.3002
-42.4212
-42.8375
-44.209
-53.4699
-51.9178
-51.7374
-51.3059
-51.1245
-50.8978
-50.6968
-50.5557
-50.4623
-50.3918
-50.3332
-50.2959
-50.3188
-50.412
-50.5383
-50.7579
-51.0073
-51.2472
-51.8776
-53.2968
-63.1463
-61.4886
-61.1071
-60.5544
-60.1954
-59.937
-59.7104
-59.5448
-59.4304
-59.3508
-59.2995
-59.2825
-59.3311
-59.4468
-59.596
-59.8704
-60.2532
-60.7073
-61.5048
-62.7221
-73.7914
-71.8914
-71.1765
-70.5135
-69.9692
-69.6278
-69.3707
-69.1868
-69.0613
-68.9823
-68.943
-68.9435
-69.0077
-69.1388
-69.3285
-69.7096
-70.279
-70.9318
-71.8185
-73.298
-85.9721
-83.794
-82.5395
-81.6209
-80.9297
-80.4851
-80.1939
-80.0017
-79.8772
-79.8062
-79.7782
-79.7876
-79.8564
-80.0009
-80.2416
-80.7329
-81.4593
-82.3244
-83.6161
-85.7407
-100.841
-97.9872
-95.9102
-94.5738
-93.7809
-93.3057
-93.0191
-92.8428
-92.7355
-92.6793
-92.6601
-92.6698
-92.7334
-92.8787
-93.1368
-93.6648
-94.4915
-95.7368
-98.0916
-100.967
-118.305
-113.503
-110.059
-108.359
-107.555
-107.154
-106.94
-106.818
-106.748
-106.715
-106.704
-106.708
-106.753
-106.865
-107.058
-107.493
-108.322
-109.97
-113.711
-118.693
-138.08
-126.683
-121.891
-120.423
-119.941
-119.756
-119.672
-119.628
-119.604
-119.594
-119.591
-119.589
-119.606
-119.653
-119.721
-119.914
-120.439
-121.895
-126.693
-138.561
)
;
    }
    fixedWalls
    {
        type            calculated;
        value           nonuniform List<scalar> 
400
(
100.313
96.8471
92.0242
86.1981
79.652
72.4588
64.6536
55.6738
46.0038
37.4591
92.1084
87.2397
82.0555
76.0919
69.5627
62.5039
54.84
46.2819
38.797
33.6681
85.4791
80.0575
74.5761
68.5204
62.0398
55.1654
47.7454
39.6305
32.8947
29.5773
78.3679
72.7549
67.1102
61.0144
54.6169
47.8938
40.8023
33.409
27.2945
24.3207
71.2707
65.6263
59.8851
53.8121
47.5099
40.8634
33.9139
26.9686
21.4422
18.4549
64.1329
58.4313
52.6708
46.628
40.4017
33.878
27.1323
20.439
15.2664
12.2326
57.0125
51.2261
45.4818
39.4321
33.2043
26.7598
20.2458
13.845
9.00814
5.94327
49.8778
44.1109
38.3075
32.2748
26.0608
19.6821
13.3457
7.15854
2.54761
-0.533491
42.9938
37.1785
31.3009
25.2901
19.1142
12.8136
6.57663
0.43793
-4.13922
-7.26849
36.448
30.4858
24.6098
18.5171
12.253
5.91121
-0.351234
-6.55476
-11.1926
-14.3618
30.1654
24.1907
18.3372
12.0888
5.633
-0.903624
-7.37932
-13.813
-18.6206
-21.8395
24.3679
18.4701
12.4913
6.00931
-0.722782
-7.59782
-14.4694
-21.298
-26.3837
-29.6822
19.2473
13.3193
7.05989
0.261785
-6.84867
-14.2037
-21.6354
-29.0231
-34.5218
-37.9547
14.7147
8.64508
2.11006
-5.01748
-12.5833
-20.5584
-28.759
-36.9833
-43.1636
-46.8404
10.629
4.43468
-2.25573
-9.6508
-17.6874
-26.3999
-35.6393
-45.1325
-52.4331
-56.5168
7.01059
0.792273
-5.92808
-13.4921
-21.9444
-31.4446
-41.993
-53.3106
-62.3967
-67.1617
3.96825
-2.16553
-8.81633
-16.4146
-25.1196
-35.299
-47.3165
-61.1504
-73.2133
-79.3405
1.53127
-4.41599
-10.8587
-18.2341
-26.7945
-37.1984
-50.4906
-67.5699
-84.8517
-94.1902
-0.29431
-5.7149
-11.4248
-17.858
-25.2794
-34.627
-47.7521
-67.6742
-93.613
-111.49
-1.4307
-5.41046
-9.26052
-13.4627
-18.1263
-23.9982
-32.7806
-50.2693
-85.5234
-130.039
98.1812
94.8669
90.2302
84.4557
78.1215
71.3909
63.7683
55.0544
45.6386
36.9612
90.1609
85.4963
80.3709
74.4826
68.2974
61.5484
54.0061
45.6761
38.303
33.0544
83.7733
78.5636
73.0427
67.1719
61.0862
54.2842
46.9823
39.1397
32.5725
28.7764
77.1384
71.6473
65.8743
60.0522
53.8963
47.1041
39.9812
32.7023
26.9133
23.5508
70.4644
64.8105
58.8989
53.0862
46.7818
40.0475
32.9363
26.1155
20.903
17.8068
63.69
57.8953
51.8836
46.0271
39.5963
32.9953
25.965
19.5082
14.7574
11.884
56.7975
50.8664
44.7786
38.8939
32.4347
26.0365
19.2621
13.1489
8.68836
5.88747
49.8969
43.8491
37.7303
31.8943
25.5309
19.3682
12.8612
6.9506
2.5296
-0.376273
43.1509
37.0381
30.9418
25.1928
18.9394
12.8998
6.44875
0.467743
-4.11466
-7.14824
36.7104
30.5878
24.519
18.7851
12.4909
6.31588
-0.376835
-6.63052
-11.3543
-14.3282
30.6938
24.5795
18.4673
12.5902
6.02913
-0.518002
-7.58737
-14.0659
-18.7746
-21.5987
25.1731
19.0412
12.7778
6.60903
-0.363536
-7.34291
-14.7245
-21.3457
-26.1544
-29.1518
20.1491
13.948
7.45347
0.926388
-6.48028
-13.8752
-21.6329
-28.7208
-34.1351
-37.5769
15.5553
9.23609
2.50869
-4.34509
-12.1526
-20.0559
-28.5747
-36.751
-43.1238
-46.6647
11.3659
4.95054
-1.92506
-9.01282
-17.2009
-25.8131
-35.5248
-45.1409
-52.4754
-56.09
7.69987
1.28004
-5.68151
-12.9604
-21.5379
-30.9861
-42.0614
-53.289
-62.1287
-66.6657
4.69822
-1.68466
-8.73268
-16.1055
-24.8817
-34.9766
-47.382
-60.9148
-72.9648
-79.1066
2.30485
-4.03589
-11.0063
-18.0828
-26.6215
-36.9711
-50.619
-67.4733
-85.0765
-94.3147
0.359277
-5.59759
-11.6876
-17.5674
-25.1002
-34.5307
-47.8918
-67.6229
-93.8741
-111.879
-1.15642
-5.54913
-9.32884
-13.0094
-18.1952
-23.9648
-32.4163
-50.1824
-85.4936
-130.479
)
;
    }
    inlet
    {
        type            zeroGradient;
    }
    outlet
    {
        type            fixedValue;
        value           uniform 0;
    }
}


// ************************************************************************* //
